Image Index, Model Number, Predicted Class, Softmax Output
0, Expert 1, 0.5133, 9, 0.1074
1, Expert 1, 0.5133, 3, 0.1282
2, Expert 1, 0.5133, 1, 0.1564
3, Expert 1, 0.5133, 1, 0.1041
4, Expert 1, 0.5133, 6, 0.1114
5, Expert 1, 0.5133, 9, 0.1087
6, Expert 1, 0.5133, 0, 0.1462
7, Expert 1, 0.5133, 1, 0.1413
8, Expert 1, 0.5133, 1, 0.1348
9, Expert 1, 0.5133, 7, 0.1439
10, Expert 1, 0.5133, 2, 0.1229
11, Expert 1, 0.5133, 7, 0.1644
12, Expert 1, 0.5133, 5, 0.1044
13, Expert 1, 0.5133, 3, 0.1511
14, Expert 1, 0.5133, 6, 0.1154
15, Expert 1, 0.5133, 1, 0.1073
16, Expert 1, 0.5133, 7, 0.1562
17, Expert 1, 0.5133, 1, 0.1058
18, Expert 1, 0.5133, 0, 0.1364
19, Expert 1, 0.5133, 9, 0.1072
20, Expert 1, 0.5133, 7, 0.1184
21, Expert 1, 0.5133, 0, 0.1143
22, Expert 1, 0.5133, 1, 0.1059
23, Expert 1, 0.5133, 8, 0.1139
24, Expert 1, 0.5133, 9, 0.1128
25, Expert 1, 0.5133, 3, 0.1590
26, Expert 1, 0.5133, 2, 0.1455
27, Expert 1, 0.5133, 6, 0.1257
28, Expert 1, 0.5133, 7, 0.1230
29, Expert 1, 0.5133, 7, 0.1115
30, Expert 1, 0.5133, 1, 0.1627
31, Expert 1, 0.5133, 1, 0.1410
32, Expert 1, 0.5133, 9, 0.1094
33, Expert 1, 0.5133, 1, 0.1142
34, Expert 1, 0.5133, 9, 0.1083
35, Expert 1, 0.5133, 7, 0.1119
36, Expert 1, 0.5133, 6, 0.1241
37, Expert 1, 0.5133, 1, 0.1336
38, Expert 1, 0.5133, 9, 0.1097
39, Expert 1, 0.5133, 1, 0.1246
40, Expert 1, 0.5133, 0, 0.1371
41, Expert 1, 0.5133, 6, 0.1121
42, Expert 1, 0.5133, 7, 0.1486
43, Expert 1, 0.5133, 9, 0.1090
44, Expert 1, 0.5133, 9, 0.1123
45, Expert 1, 0.5133, 7, 0.1572
46, Expert 1, 0.5133, 6, 0.1120
47, Expert 1, 0.5133, 1, 0.1351
48, Expert 1, 0.5133, 6, 0.1163
49, Expert 1, 0.5133, 6, 0.1192
50, Expert 1, 0.5133, 6, 0.1349
51, Expert 1, 0.5133, 6, 0.1491
52, Expert 1, 0.5133, 3, 0.1276
53, Expert 1, 0.5133, 9, 0.1084
54, Expert 1, 0.5133, 7, 0.1589
55, Expert 1, 0.5133, 1, 0.1236
56, Expert 1, 0.5133, 3, 0.1418
57, Expert 1, 0.5133, 0, 0.1387
58, Expert 1, 0.5133, 1, 0.1359
59, Expert 1, 0.5133, 9, 0.1088
60, Expert 1, 0.5133, 3, 0.1325
61, Expert 1, 0.5133, 9, 0.1072
62, Expert 1, 0.5133, 9, 0.1087
63, Expert 1, 0.5133, 9, 0.1046
64, Expert 1, 0.5133, 2, 0.1419
65, Expert 1, 0.5133, 9, 0.1084
66, Expert 1, 0.5133, 9, 0.1127
67, Expert 1, 0.5133, 6, 0.1084
68, Expert 1, 0.5133, 9, 0.1083
69, Expert 1, 0.5133, 7, 0.1255
70, Expert 1, 0.5133, 3, 0.1723
71, Expert 1, 0.5133, 6, 0.1063
72, Expert 1, 0.5133, 6, 0.1126
73, Expert 1, 0.5133, 9, 0.1095
74, Expert 1, 0.5133, 1, 0.1218
75, Expert 1, 0.5133, 6, 0.1209
76, Expert 1, 0.5133, 6, 0.1184
77, Expert 1, 0.5133, 9, 0.1108
78, Expert 1, 0.5133, 1, 0.1098
79, Expert 1, 0.5133, 7, 0.1176
80, Expert 1, 0.5133, 3, 0.1452
81, Expert 1, 0.5133, 9, 0.1077
82, Expert 1, 0.5133, 2, 0.1168
83, Expert 1, 0.5133, 0, 0.1153
84, Expert 1, 0.5133, 3, 0.1241
85, Expert 1, 0.5133, 1, 0.1159
86, Expert 1, 0.5133, 1, 0.1546
87, Expert 1, 0.5133, 7, 0.1312
88, Expert 1, 0.5133, 9, 0.1083
89, Expert 1, 0.5133, 1, 0.1526
90, Expert 1, 0.5133, 6, 0.1158
91, Expert 1, 0.5133, 1, 0.1530
92, Expert 1, 0.5133, 1, 0.1137
93, Expert 1, 0.5133, 8, 0.1304
94, Expert 1, 0.5133, 1, 0.1472
95, Expert 1, 0.5133, 3, 0.1518
96, Expert 1, 0.5133, 1, 0.1121
97, Expert 1, 0.5133, 9, 0.1084
98, Expert 1, 0.5133, 6, 0.1295
99, Expert 1, 0.5133, 9, 0.1060
0, Expert 2, 0.7389, 9, 0.1487
1, Expert 2, 0.7389, 5, 0.2045
2, Expert 2, 0.7389, 1, 0.8059
3, Expert 2, 0.7389, 8, 0.1782
4, Expert 2, 0.7389, 2, 0.3211
5, Expert 2, 0.7389, 4, 0.1447
6, Expert 2, 0.7389, 7, 0.2441
7, Expert 2, 0.7389, 3, 0.2737
8, Expert 2, 0.7389, 2, 0.5838
9, Expert 2, 0.7389, 0, 0.7300
10, Expert 2, 0.7389, 2, 0.5570
11, Expert 2, 0.7389, 7, 0.6159
12, Expert 2, 0.7389, 5, 0.2236
13, Expert 2, 0.7389, 3, 0.5615
14, Expert 2, 0.7389, 8, 0.1911
15, Expert 2, 0.7389, 4, 0.1447
16, Expert 2, 0.7389, 7, 0.5471
17, Expert 2, 0.7389, 5, 0.1416
18, Expert 2, 0.7389, 0, 0.5372
19, Expert 2, 0.7389, 1, 0.1961
20, Expert 2, 0.7389, 4, 0.1314
21, Expert 2, 0.7389, 0, 0.2356
22, Expert 2, 0.7389, 9, 0.1281
23, Expert 2, 0.7389, 8, 0.2496
24, Expert 2, 0.7389, 7, 0.1831
25, Expert 2, 0.7389, 3, 0.2945
26, Expert 2, 0.7389, 2, 0.9304
27, Expert 2, 0.7389, 6, 0.6212
28, Expert 2, 0.7389, 2, 0.9168
29, Expert 2, 0.7389, 0, 0.5118
30, Expert 2, 0.7389, 2, 0.7675
31, Expert 2, 0.7389, 1, 0.8594
32, Expert 2, 0.7389, 7, 0.1965
33, Expert 2, 0.7389, 1, 0.1701
34, Expert 2, 0.7389, 4, 0.1447
35, Expert 2, 0.7389, 9, 0.1693
36, Expert 2, 0.7389, 6, 0.4611
37, Expert 2, 0.7389, 1, 0.7336
38, Expert 2, 0.7389, 4, 0.1447
39, Expert 2, 0.7389, 7, 0.2871
40, Expert 2, 0.7389, 0, 0.5805
41, Expert 2, 0.7389, 1, 0.1421
42, Expert 2, 0.7389, 7, 0.5497
43, Expert 2, 0.7389, 9, 0.1440
44, Expert 2, 0.7389, 9, 0.1761
45, Expert 2, 0.7389, 7, 0.6060
46, Expert 2, 0.7389, 0, 0.1477
47, Expert 2, 0.7389, 1, 0.8250
48, Expert 2, 0.7389, 4, 0.1447
49, Expert 2, 0.7389, 0, 0.2900
50, Expert 2, 0.7389, 6, 0.7738
51, Expert 2, 0.7389, 6, 0.8545
52, Expert 2, 0.7389, 2, 0.6623
53, Expert 2, 0.7389, 4, 0.1447
54, Expert 2, 0.7389, 7, 0.6705
55, Expert 2, 0.7389, 1, 0.7176
56, Expert 2, 0.7389, 3, 0.3589
57, Expert 2, 0.7389, 0, 0.5485
58, Expert 2, 0.7389, 2, 0.7295
59, Expert 2, 0.7389, 9, 0.1366
60, Expert 2, 0.7389, 3, 0.2401
61, Expert 2, 0.7389, 9, 0.1427
62, Expert 2, 0.7389, 1, 0.3992
63, Expert 2, 0.7389, 5, 0.2378
64, Expert 2, 0.7389, 6, 0.1414
65, Expert 2, 0.7389, 4, 0.1447
66, Expert 2, 0.7389, 9, 0.1674
67, Expert 2, 0.7389, 9, 0.1362
68, Expert 2, 0.7389, 5, 0.1525
69, Expert 2, 0.7389, 7, 0.3778
70, Expert 2, 0.7389, 2, 0.4254
71, Expert 2, 0.7389, 5, 0.2139
72, Expert 2, 0.7389, 0, 0.2526
73, Expert 2, 0.7389, 4, 0.1439
74, Expert 2, 0.7389, 1, 0.7374
75, Expert 2, 0.7389, 6, 0.6757
76, Expert 2, 0.7389, 6, 0.6036
77, Expert 2, 0.7389, 9, 0.1595
78, Expert 2, 0.7389, 3, 0.1767
79, Expert 2, 0.7389, 7, 0.3867
80, Expert 2, 0.7389, 3, 0.4312
81, Expert 2, 0.7389, 7, 0.1724
82, Expert 2, 0.7389, 2, 0.2498
83, Expert 2, 0.7389, 5, 0.2069
84, Expert 2, 0.7389, 3, 0.1792
85, Expert 2, 0.7389, 3, 0.1951
86, Expert 2, 0.7389, 1, 0.8117
87, Expert 2, 0.7389, 0, 0.6055
88, Expert 2, 0.7389, 8, 0.1280
89, Expert 2, 0.7389, 1, 0.8780
90, Expert 2, 0.7389, 6, 0.3804
91, Expert 2, 0.7389, 3, 0.4149
92, Expert 2, 0.7389, 2, 0.2808
93, Expert 2, 0.7389, 8, 0.2605
94, Expert 2, 0.7389, 1, 0.8648
95, Expert 2, 0.7389, 3, 0.3175
96, Expert 2, 0.7389, 4, 0.1446
97, Expert 2, 0.7389, 4, 0.1447
98, Expert 2, 0.7389, 6, 0.6986
99, Expert 2, 0.7389, 5, 0.1460
0, Expert 3, 0.6785, 9, 0.1319
1, Expert 3, 0.6785, 3, 0.1583
2, Expert 3, 0.6785, 1, 0.2842
3, Expert 3, 0.6785, 8, 0.1827
4, Expert 3, 0.6785, 0, 0.1735
5, Expert 3, 0.6785, 4, 0.1242
6, Expert 3, 0.6785, 8, 0.1410
7, Expert 3, 0.6785, 7, 0.2975
8, Expert 3, 0.6785, 2, 0.1808
9, Expert 3, 0.6785, 0, 0.1788
10, Expert 3, 0.6785, 4, 0.1236
11, Expert 3, 0.6785, 7, 0.4272
12, Expert 3, 0.6785, 9, 0.1326
13, Expert 3, 0.6785, 3, 0.1845
14, Expert 3, 0.6785, 6, 0.1316
15, Expert 3, 0.6785, 4, 0.1556
16, Expert 3, 0.6785, 7, 0.4327
17, Expert 3, 0.6785, 6, 0.1269
18, Expert 3, 0.6785, 0, 0.1587
19, Expert 3, 0.6785, 8, 0.1780
20, Expert 3, 0.6785, 0, 0.1340
21, Expert 3, 0.6785, 2, 0.1403
22, Expert 3, 0.6785, 8, 0.1746
23, Expert 3, 0.6785, 8, 0.1607
24, Expert 3, 0.6785, 4, 0.1238
25, Expert 3, 0.6785, 3, 0.2587
26, Expert 3, 0.6785, 2, 0.1941
27, Expert 3, 0.6785, 6, 0.2437
28, Expert 3, 0.6785, 7, 0.1963
29, Expert 3, 0.6785, 0, 0.1726
30, Expert 3, 0.6785, 1, 0.1818
31, Expert 3, 0.6785, 1, 0.2838
32, Expert 3, 0.6785, 4, 0.1446
33, Expert 3, 0.6785, 2, 0.1511
34, Expert 3, 0.6785, 4, 0.1490
35, Expert 3, 0.6785, 4, 0.1610
36, Expert 3, 0.6785, 6, 0.1632
37, Expert 3, 0.6785, 1, 0.2821
38, Expert 3, 0.6785, 2, 0.1331
39, Expert 3, 0.6785, 7, 0.2281
40, Expert 3, 0.6785, 0, 0.1453
41, Expert 3, 0.6785, 1, 0.1486
42, Expert 3, 0.6785, 7, 0.1723
43, Expert 3, 0.6785, 9, 0.1554
44, Expert 3, 0.6785, 7, 0.1380
45, Expert 3, 0.6785, 7, 0.5021
46, Expert 3, 0.6785, 6, 0.1403
47, Expert 3, 0.6785, 1, 0.3672
48, Expert 3, 0.6785, 4, 0.1441
49, Expert 3, 0.6785, 0, 0.1795
50, Expert 3, 0.6785, 6, 0.2430
51, Expert 3, 0.6785, 6, 0.1961
52, Expert 3, 0.6785, 2, 0.1285
53, Expert 3, 0.6785, 4, 0.1494
54, Expert 3, 0.6785, 7, 0.5869
55, Expert 3, 0.6785, 1, 0.3169
56, Expert 3, 0.6785, 3, 0.2188
57, Expert 3, 0.6785, 0, 0.1954
58, Expert 3, 0.6785, 1, 0.1389
59, Expert 3, 0.6785, 4, 0.1185
60, Expert 3, 0.6785, 5, 0.1786
61, Expert 3, 0.6785, 6, 0.1485
62, Expert 3, 0.6785, 1, 0.1919
63, Expert 3, 0.6785, 5, 0.1365
64, Expert 3, 0.6785, 6, 0.1320
65, Expert 3, 0.6785, 4, 0.1589
66, Expert 3, 0.6785, 7, 0.1862
67, Expert 3, 0.6785, 4, 0.1536
68, Expert 3, 0.6785, 8, 0.1215
69, Expert 3, 0.6785, 7, 0.3972
70, Expert 3, 0.6785, 3, 0.2460
71, Expert 3, 0.6785, 3, 0.1786
72, Expert 3, 0.6785, 6, 0.1542
73, Expert 3, 0.6785, 4, 0.1709
74, Expert 3, 0.6785, 1, 0.3306
75, Expert 3, 0.6785, 6, 0.2152
76, Expert 3, 0.6785, 6, 0.2025
77, Expert 3, 0.6785, 4, 0.1507
78, Expert 3, 0.6785, 3, 0.1670
79, Expert 3, 0.6785, 7, 0.2392
80, Expert 3, 0.6785, 3, 0.2174
81, Expert 3, 0.6785, 8, 0.1271
82, Expert 3, 0.6785, 3, 0.1476
83, Expert 3, 0.6785, 8, 0.1745
84, Expert 3, 0.6785, 6, 0.1524
85, Expert 3, 0.6785, 8, 0.1506
86, Expert 3, 0.6785, 1, 0.3419
87, Expert 3, 0.6785, 0, 0.2380
88, Expert 3, 0.6785, 8, 0.1559
89, Expert 3, 0.6785, 1, 0.2788
90, Expert 3, 0.6785, 6, 0.1513
91, Expert 3, 0.6785, 3, 0.1909
92, Expert 3, 0.6785, 2, 0.1495
93, Expert 3, 0.6785, 8, 0.1747
94, Expert 3, 0.6785, 1, 0.3824
95, Expert 3, 0.6785, 3, 0.1567
96, Expert 3, 0.6785, 4, 0.1816
97, Expert 3, 0.6785, 4, 0.1256
98, Expert 3, 0.6785, 6, 0.1671
99, Expert 3, 0.6785, 8, 0.1416
0, Expert 4, 0.6525, 4, 0.3500
1, Expert 4, 0.6525, 2, 0.1357
2, Expert 4, 0.6525, 1, 0.8511
3, Expert 4, 0.6525, 8, 0.1614
4, Expert 4, 0.6525, 3, 0.2044
5, Expert 4, 0.6525, 5, 0.1319
6, Expert 4, 0.6525, 3, 0.1978
7, Expert 4, 0.6525, 7, 0.2290
8, Expert 4, 0.6525, 2, 0.1547
9, Expert 4, 0.6525, 0, 0.5184
10, Expert 4, 0.6525, 2, 0.1330
11, Expert 4, 0.6525, 7, 0.4778
12, Expert 4, 0.6525, 8, 0.1322
13, Expert 4, 0.6525, 8, 0.1848
14, Expert 4, 0.6525, 6, 0.1376
15, Expert 4, 0.6525, 4, 0.3470
16, Expert 4, 0.6525, 7, 0.4716
17, Expert 4, 0.6525, 4, 0.1716
18, Expert 4, 0.6525, 0, 0.2898
19, Expert 4, 0.6525, 8, 0.1845
20, Expert 4, 0.6525, 2, 0.1462
21, Expert 4, 0.6525, 0, 0.1365
22, Expert 4, 0.6525, 8, 0.1597
23, Expert 4, 0.6525, 8, 0.1520
24, Expert 4, 0.6525, 4, 0.3644
25, Expert 4, 0.6525, 7, 0.2403
26, Expert 4, 0.6525, 3, 0.1868
27, Expert 4, 0.6525, 6, 0.1512
28, Expert 4, 0.6525, 3, 0.1787
29, Expert 4, 0.6525, 0, 0.4169
30, Expert 4, 0.6525, 3, 0.1800
31, Expert 4, 0.6525, 1, 0.9451
32, Expert 4, 0.6525, 4, 0.3575
33, Expert 4, 0.6525, 8, 0.1935
34, Expert 4, 0.6525, 4, 0.4117
35, Expert 4, 0.6525, 4, 0.3367
36, Expert 4, 0.6525, 6, 0.1449
37, Expert 4, 0.6525, 1, 0.8343
38, Expert 4, 0.6525, 2, 0.1287
39, Expert 4, 0.6525, 7, 0.3678
40, Expert 4, 0.6525, 0, 0.2883
41, Expert 4, 0.6525, 8, 0.1644
42, Expert 4, 0.6525, 7, 0.4564
43, Expert 4, 0.6525, 9, 0.2517
44, Expert 4, 0.6525, 9, 0.3056
45, Expert 4, 0.6525, 7, 0.5654
46, Expert 4, 0.6525, 0, 0.3172
47, Expert 4, 0.6525, 1, 0.9432
48, Expert 4, 0.6525, 4, 0.3912
49, Expert 4, 0.6525, 0, 0.3339
50, Expert 4, 0.6525, 2, 0.1255
51, Expert 4, 0.6525, 6, 0.1324
52, Expert 4, 0.6525, 0, 0.1722
53, Expert 4, 0.6525, 4, 0.3407
54, Expert 4, 0.6525, 7, 0.5755
55, Expert 4, 0.6525, 1, 0.7569
56, Expert 4, 0.6525, 2, 0.1465
57, Expert 4, 0.6525, 0, 0.4068
58, Expert 4, 0.6525, 3, 0.1754
59, Expert 4, 0.6525, 9, 0.3303
60, Expert 4, 0.6525, 2, 0.1407
61, Expert 4, 0.6525, 4, 0.1436
62, Expert 4, 0.6525, 1, 0.3585
63, Expert 4, 0.6525, 8, 0.1705
64, Expert 4, 0.6525, 6, 0.1226
65, Expert 4, 0.6525, 4, 0.2818
66, Expert 4, 0.6525, 9, 0.2615
67, Expert 4, 0.6525, 4, 0.2712
68, Expert 4, 0.6525, 5, 0.1830
69, Expert 4, 0.6525, 7, 0.3280
70, Expert 4, 0.6525, 3, 0.2131
71, Expert 4, 0.6525, 2, 0.1372
72, Expert 4, 0.6525, 0, 0.3192
73, Expert 4, 0.6525, 4, 0.3496
74, Expert 4, 0.6525, 1, 0.9189
75, Expert 4, 0.6525, 6, 0.1393
76, Expert 4, 0.6525, 6, 0.1435
77, Expert 4, 0.6525, 4, 0.3325
78, Expert 4, 0.6525, 7, 0.2201
79, Expert 4, 0.6525, 7, 0.3943
80, Expert 4, 0.6525, 2, 0.1379
81, Expert 4, 0.6525, 4, 0.3112
82, Expert 4, 0.6525, 2, 0.1406
83, Expert 4, 0.6525, 5, 0.1574
84, Expert 4, 0.6525, 6, 0.1301
85, Expert 4, 0.6525, 3, 0.2046
86, Expert 4, 0.6525, 1, 0.6865
87, Expert 4, 0.6525, 0, 0.6970
88, Expert 4, 0.6525, 8, 0.2012
89, Expert 4, 0.6525, 1, 0.5573
90, Expert 4, 0.6525, 6, 0.1371
91, Expert 4, 0.6525, 3, 0.1392
92, Expert 4, 0.6525, 6, 0.1234
93, Expert 4, 0.6525, 8, 0.1758
94, Expert 4, 0.6525, 1, 0.9272
95, Expert 4, 0.6525, 8, 0.1485
96, Expert 4, 0.6525, 4, 0.2277
97, Expert 4, 0.6525, 6, 0.1241
98, Expert 4, 0.6525, 6, 0.1221
99, Expert 4, 0.6525, 6, 0.1434
0, Expert 5, 0.8701, 4, 0.5406
1, Expert 5, 0.8701, 5, 0.3740
2, Expert 5, 0.8701, 1, 0.9998
3, Expert 5, 0.8701, 8, 0.6371
4, Expert 5, 0.8701, 3, 0.3882
5, Expert 5, 0.8701, 5, 0.3220
6, Expert 5, 0.8701, 7, 0.4172
7, Expert 5, 0.8701, 7, 0.4732
8, Expert 5, 0.8701, 2, 0.5238
9, Expert 5, 0.8701, 0, 0.9971
10, Expert 5, 0.8701, 2, 0.3589
11, Expert 5, 0.8701, 7, 0.7649
12, Expert 5, 0.8701, 5, 0.5050
13, Expert 5, 0.8701, 3, 0.7380
14, Expert 5, 0.8701, 5, 0.3648
15, Expert 5, 0.8701, 4, 0.5445
16, Expert 5, 0.8701, 7, 0.7531
17, Expert 5, 0.8701, 5, 0.2309
18, Expert 5, 0.8701, 0, 0.7865
19, Expert 5, 0.8701, 8, 0.3062
20, Expert 5, 0.8701, 2, 0.1559
21, Expert 5, 0.8701, 0, 0.7397
22, Expert 5, 0.8701, 8, 0.4779
23, Expert 5, 0.8701, 8, 0.5285
24, Expert 5, 0.8701, 9, 0.5438
25, Expert 5, 0.8701, 3, 0.6874
26, Expert 5, 0.8701, 2, 0.6875
27, Expert 5, 0.8701, 6, 0.5793
28, Expert 5, 0.8701, 2, 0.5960
29, Expert 5, 0.8701, 0, 0.9971
30, Expert 5, 0.8701, 2, 0.5520
31, Expert 5, 0.8701, 1, 0.9999
32, Expert 5, 0.8701, 9, 0.5103
33, Expert 5, 0.8701, 8, 0.2734
34, Expert 5, 0.8701, 4, 0.6160
35, Expert 5, 0.8701, 9, 0.4865
36, Expert 5, 0.8701, 6, 0.5973
37, Expert 5, 0.8701, 1, 0.9999
38, Expert 5, 0.8701, 7, 0.1785
39, Expert 5, 0.8701, 7, 0.8083
40, Expert 5, 0.8701, 0, 0.9287
41, Expert 5, 0.8701, 5, 0.4025
42, Expert 5, 0.8701, 7, 0.7357
43, Expert 5, 0.8701, 9, 0.4750
44, Expert 5, 0.8701, 9, 0.4841
45, Expert 5, 0.8701, 7, 0.8364
46, Expert 5, 0.8701, 0, 0.9349
47, Expert 5, 0.8701, 1, 0.9999
48, Expert 5, 0.8701, 4, 0.5787
49, Expert 5, 0.8701, 0, 0.9887
50, Expert 5, 0.8701, 6, 0.6512
51, Expert 5, 0.8701, 6, 0.7111
52, Expert 5, 0.8701, 2, 0.4691
53, Expert 5, 0.8701, 4, 0.6317
54, Expert 5, 0.8701, 7, 0.8087
55, Expert 5, 0.8701, 1, 0.9994
56, Expert 5, 0.8701, 3, 0.5424
57, Expert 5, 0.8701, 0, 0.9714
58, Expert 5, 0.8701, 2, 0.5472
59, Expert 5, 0.8701, 9, 0.5349
60, Expert 5, 0.8701, 5, 0.4039
61, Expert 5, 0.8701, 9, 0.2973
62, Expert 5, 0.8701, 1, 0.8816
63, Expert 5, 0.8701, 5, 0.5480
64, Expert 5, 0.8701, 5, 0.1756
65, Expert 5, 0.8701, 4, 0.5938
66, Expert 5, 0.8701, 4, 0.5248
67, Expert 5, 0.8701, 9, 0.4652
68, Expert 5, 0.8701, 5, 0.6394
69, Expert 5, 0.8701, 7, 0.6792
70, Expert 5, 0.8701, 3, 0.7884
71, Expert 5, 0.8701, 5, 0.3591
72, Expert 5, 0.8701, 0, 0.9930
73, Expert 5, 0.8701, 4, 0.5502
74, Expert 5, 0.8701, 1, 1.0000
75, Expert 5, 0.8701, 6, 0.7271
76, Expert 5, 0.8701, 6, 0.8449
77, Expert 5, 0.8701, 9, 0.5019
78, Expert 5, 0.8701, 7, 0.4719
79, Expert 5, 0.8701, 7, 0.6856
80, Expert 5, 0.8701, 3, 0.7239
81, Expert 5, 0.8701, 4, 0.4789
82, Expert 5, 0.8701, 3, 0.7713
83, Expert 5, 0.8701, 8, 0.5231
84, Expert 5, 0.8701, 5, 0.5929
85, Expert 5, 0.8701, 3, 0.5414
86, Expert 5, 0.8701, 1, 0.9979
87, Expert 5, 0.8701, 0, 0.9998
88, Expert 5, 0.8701, 8, 0.5753
89, Expert 5, 0.8701, 1, 0.4592
90, Expert 5, 0.8701, 6, 0.5879
91, Expert 5, 0.8701, 3, 0.5371
92, Expert 5, 0.8701, 2, 0.3783
93, Expert 5, 0.8701, 8, 0.5434
94, Expert 5, 0.8701, 1, 1.0000
95, Expert 5, 0.8701, 3, 0.5286
96, Expert 5, 0.8701, 4, 0.5151
97, Expert 5, 0.8701, 2, 0.1584
98, Expert 5, 0.8701, 6, 0.5874
99, Expert 5, 0.8701, 8, 0.3810
0, Expert 6, 0.9096, 4, 0.5772
1, Expert 6, 0.9096, 5, 0.7655
2, Expert 6, 0.9096, 1, 1.0000
3, Expert 6, 0.9096, 8, 0.6677
4, Expert 6, 0.9096, 3, 0.4454
5, Expert 6, 0.9096, 5, 0.8120
6, Expert 6, 0.9096, 7, 0.7563
7, Expert 6, 0.9096, 7, 0.7503
8, Expert 6, 0.9096, 2, 0.6274
9, Expert 6, 0.9096, 0, 0.9982
10, Expert 6, 0.9096, 2, 0.3059
11, Expert 6, 0.9096, 7, 0.8819
12, Expert 6, 0.9096, 5, 0.6782
13, Expert 6, 0.9096, 3, 0.8892
14, Expert 6, 0.9096, 5, 0.3113
15, Expert 6, 0.9096, 4, 0.5964
16, Expert 6, 0.9096, 7, 0.9224
17, Expert 6, 0.9096, 5, 0.7034
18, Expert 6, 0.9096, 0, 0.7534
19, Expert 6, 0.9096, 8, 0.3359
20, Expert 6, 0.9096, 0, 0.1885
21, Expert 6, 0.9096, 0, 0.7568
22, Expert 6, 0.9096, 8, 0.4997
23, Expert 6, 0.9096, 8, 0.5921
24, Expert 6, 0.9096, 9, 0.6507
25, Expert 6, 0.9096, 3, 0.8380
26, Expert 6, 0.9096, 2, 0.7711
27, Expert 6, 0.9096, 6, 0.6013
28, Expert 6, 0.9096, 2, 0.6791
29, Expert 6, 0.9096, 0, 0.9987
30, Expert 6, 0.9096, 2, 0.6127
31, Expert 6, 0.9096, 1, 1.0000
32, Expert 6, 0.9096, 9, 0.6267
33, Expert 6, 0.9096, 8, 0.2256
34, Expert 6, 0.9096, 4, 0.6686
35, Expert 6, 0.9096, 9, 0.5695
36, Expert 6, 0.9096, 6, 0.6659
37, Expert 6, 0.9096, 1, 1.0000
38, Expert 6, 0.9096, 8, 0.1950
39, Expert 6, 0.9096, 7, 0.9204
40, Expert 6, 0.9096, 0, 0.9840
41, Expert 6, 0.9096, 5, 0.5035
42, Expert 6, 0.9096, 7, 0.7663
43, Expert 6, 0.9096, 9, 0.6010
44, Expert 6, 0.9096, 9, 0.6354
45, Expert 6, 0.9096, 7, 0.9557
46, Expert 6, 0.9096, 0, 0.9768
47, Expert 6, 0.9096, 1, 1.0000
48, Expert 6, 0.9096, 4, 0.6445
49, Expert 6, 0.9096, 0, 0.9896
50, Expert 6, 0.9096, 6, 0.7119
51, Expert 6, 0.9096, 6, 0.7264
52, Expert 6, 0.9096, 2, 0.6411
53, Expert 6, 0.9096, 4, 0.6663
54, Expert 6, 0.9096, 7, 0.9246
55, Expert 6, 0.9096, 1, 0.9999
56, Expert 6, 0.9096, 3, 0.7914
57, Expert 6, 0.9096, 0, 0.9948
58, Expert 6, 0.9096, 2, 0.6277
59, Expert 6, 0.9096, 9, 0.5838
60, Expert 6, 0.9096, 5, 0.4567
61, Expert 6, 0.9096, 2, 0.3301
62, Expert 6, 0.9096, 1, 0.9933
63, Expert 6, 0.9096, 5, 0.9021
64, Expert 6, 0.9096, 6, 0.2147
65, Expert 6, 0.9096, 4, 0.6378
66, Expert 6, 0.9096, 4, 0.6442
67, Expert 6, 0.9096, 4, 0.5643
68, Expert 6, 0.9096, 5, 0.9802
69, Expert 6, 0.9096, 7, 0.9041
70, Expert 6, 0.9096, 3, 0.9298
71, Expert 6, 0.9096, 3, 0.6347
72, Expert 6, 0.9096, 0, 0.9953
73, Expert 6, 0.9096, 4, 0.6239
74, Expert 6, 0.9096, 1, 1.0000
75, Expert 6, 0.9096, 6, 0.7355
76, Expert 6, 0.9096, 6, 0.7804
77, Expert 6, 0.9096, 9, 0.6166
78, Expert 6, 0.9096, 7, 0.4884
79, Expert 6, 0.9096, 7, 0.7064
80, Expert 6, 0.9096, 3, 0.7938
81, Expert 6, 0.9096, 9, 0.5598
82, Expert 6, 0.9096, 3, 0.8502
83, Expert 6, 0.9096, 8, 0.5656
84, Expert 6, 0.9096, 5, 0.9011
85, Expert 6, 0.9096, 3, 0.7179
86, Expert 6, 0.9096, 1, 1.0000
87, Expert 6, 0.9096, 0, 0.9999
88, Expert 6, 0.9096, 8, 0.6894
89, Expert 6, 0.9096, 1, 0.9906
90, Expert 6, 0.9096, 6, 0.5443
91, Expert 6, 0.9096, 3, 0.6224
92, Expert 6, 0.9096, 2, 0.5540
93, Expert 6, 0.9096, 8, 0.4597
94, Expert 6, 0.9096, 1, 1.0000
95, Expert 6, 0.9096, 3, 0.8000
96, Expert 6, 0.9096, 4, 0.6069
97, Expert 6, 0.9096, 7, 0.3117
98, Expert 6, 0.9096, 6, 0.6656
99, Expert 6, 0.9096, 8, 0.4734
0, Expert 7, 0.9474, 4, 0.8698
1, Expert 7, 0.9474, 5, 0.9208
2, Expert 7, 0.9474, 1, 0.9997
3, Expert 7, 0.9474, 8, 0.8185
4, Expert 7, 0.9474, 3, 0.5256
5, Expert 7, 0.9474, 5, 0.9770
6, Expert 7, 0.9474, 7, 0.8171
7, Expert 7, 0.9474, 7, 0.6134
8, Expert 7, 0.9474, 2, 0.9757
9, Expert 7, 0.9474, 0, 0.9972
10, Expert 7, 0.9474, 2, 0.9331
11, Expert 7, 0.9474, 7, 0.9612
12, Expert 7, 0.9474, 5, 0.9918
13, Expert 7, 0.9474, 3, 0.9996
14, Expert 7, 0.9474, 6, 0.9022
15, Expert 7, 0.9474, 4, 0.9453
16, Expert 7, 0.9474, 7, 0.9332
17, Expert 7, 0.9474, 5, 0.9917
18, Expert 7, 0.9474, 0, 0.9712
19, Expert 7, 0.9474, 8, 0.6050
20, Expert 7, 0.9474, 0, 0.5805
21, Expert 7, 0.9474, 0, 0.8214
22, Expert 7, 0.9474, 8, 0.8355
23, Expert 7, 0.9474, 8, 0.9656
24, Expert 7, 0.9474, 9, 0.9508
25, Expert 7, 0.9474, 3, 0.9798
26, Expert 7, 0.9474, 2, 0.9997
27, Expert 7, 0.9474, 6, 1.0000
28, Expert 7, 0.9474, 2, 0.9613
29, Expert 7, 0.9474, 0, 0.9968
30, Expert 7, 0.9474, 2, 0.9908
31, Expert 7, 0.9474, 1, 0.9999
32, Expert 7, 0.9474, 9, 0.9687
33, Expert 7, 0.9474, 8, 0.9027
34, Expert 7, 0.9474, 4, 0.9035
35, Expert 7, 0.9474, 9, 0.6515
36, Expert 7, 0.9474, 6, 1.0000
37, Expert 7, 0.9474, 1, 0.9994
38, Expert 7, 0.9474, 7, 0.2630
39, Expert 7, 0.9474, 7, 0.8444
40, Expert 7, 0.9474, 0, 0.9680
41, Expert 7, 0.9474, 0, 0.5415
42, Expert 7, 0.9474, 7, 0.7899
43, Expert 7, 0.9474, 9, 0.8709
44, Expert 7, 0.9474, 9, 0.9203
45, Expert 7, 0.9474, 7, 0.9506
46, Expert 7, 0.9474, 0, 0.9509
47, Expert 7, 0.9474, 1, 0.9995
48, Expert 7, 0.9474, 4, 0.9522
49, Expert 7, 0.9474, 0, 0.9895
50, Expert 7, 0.9474, 6, 1.0000
51, Expert 7, 0.9474, 6, 1.0000
52, Expert 7, 0.9474, 2, 0.9919
53, Expert 7, 0.9474, 4, 0.8528
54, Expert 7, 0.9474, 7, 0.9680
55, Expert 7, 0.9474, 1, 1.0000
56, Expert 7, 0.9474, 3, 0.9914
57, Expert 7, 0.9474, 0, 0.9983
58, Expert 7, 0.9474, 2, 0.9879
59, Expert 7, 0.9474, 4, 0.5864
60, Expert 7, 0.9474, 5, 0.7789
61, Expert 7, 0.9474, 2, 0.8306
62, Expert 7, 0.9474, 1, 0.9995
63, Expert 7, 0.9474, 5, 0.9875
64, Expert 7, 0.9474, 5, 0.6569
65, Expert 7, 0.9474, 4, 0.8247
66, Expert 7, 0.9474, 4, 0.8444
67, Expert 7, 0.9474, 4, 0.5101
68, Expert 7, 0.9474, 5, 0.9985
69, Expert 7, 0.9474, 7, 0.9075
70, Expert 7, 0.9474, 3, 0.9959
71, Expert 7, 0.9474, 5, 0.9985
72, Expert 7, 0.9474, 0, 0.9841
73, Expert 7, 0.9474, 4, 0.9567
74, Expert 7, 0.9474, 1, 1.0000
75, Expert 7, 0.9474, 6, 0.9999
76, Expert 7, 0.9474, 6, 1.0000
77, Expert 7, 0.9474, 9, 0.9331
78, Expert 7, 0.9474, 9, 0.3786
79, Expert 7, 0.9474, 7, 0.6409
80, Expert 7, 0.9474, 3, 0.9953
81, Expert 7, 0.9474, 9, 0.9247
82, Expert 7, 0.9474, 3, 0.9995
83, Expert 7, 0.9474, 8, 0.9650
84, Expert 7, 0.9474, 5, 0.9983
85, Expert 7, 0.9474, 3, 0.9685
86, Expert 7, 0.9474, 1, 0.9996
87, Expert 7, 0.9474, 0, 0.9981
88, Expert 7, 0.9474, 8, 0.9647
89, Expert 7, 0.9474, 1, 0.9979
90, Expert 7, 0.9474, 6, 0.9987
91, Expert 7, 0.9474, 3, 0.9851
92, Expert 7, 0.9474, 2, 0.9713
93, Expert 7, 0.9474, 8, 0.8078
94, Expert 7, 0.9474, 1, 0.9999
95, Expert 7, 0.9474, 3, 0.9983
96, Expert 7, 0.9474, 4, 0.9251
97, Expert 7, 0.9474, 9, 0.6661
98, Expert 7, 0.9474, 6, 1.0000
99, Expert 7, 0.9474, 8, 0.7992
0, Expert 8, 0.5685, 4, 0.1206
1, Expert 8, 0.5685, 6, 0.1118
2, Expert 8, 0.5685, 1, 0.1286
3, Expert 8, 0.5685, 4, 0.1224
4, Expert 8, 0.5685, 0, 0.1238
5, Expert 8, 0.5685, 6, 0.1109
6, Expert 8, 0.5685, 7, 0.1451
7, Expert 8, 0.5685, 3, 0.1277
8, Expert 8, 0.5685, 2, 0.1634
9, Expert 8, 0.5685, 0, 0.1708
10, Expert 8, 0.5685, 2, 0.1857
11, Expert 8, 0.5685, 7, 0.1605
12, Expert 8, 0.5685, 4, 0.1158
13, Expert 8, 0.5685, 3, 0.1269
14, Expert 8, 0.5685, 3, 0.1399
15, Expert 8, 0.5685, 4, 0.1289
16, Expert 8, 0.5685, 7, 0.1520
17, Expert 8, 0.5685, 5, 0.1303
18, Expert 8, 0.5685, 6, 0.1209
19, Expert 8, 0.5685, 1, 0.1265
20, Expert 8, 0.5685, 1, 0.1201
21, Expert 8, 0.5685, 4, 0.1130
22, Expert 8, 0.5685, 7, 0.1128
23, Expert 8, 0.5685, 3, 0.1218
24, Expert 8, 0.5685, 4, 0.1505
25, Expert 8, 0.5685, 3, 0.1442
26, Expert 8, 0.5685, 2, 0.1666
27, Expert 8, 0.5685, 6, 0.1385
28, Expert 8, 0.5685, 2, 0.1730
29, Expert 8, 0.5685, 0, 0.1424
30, Expert 8, 0.5685, 2, 0.1183
31, Expert 8, 0.5685, 1, 0.1478
32, Expert 8, 0.5685, 4, 0.1492
33, Expert 8, 0.5685, 1, 0.1148
34, Expert 8, 0.5685, 4, 0.1221
35, Expert 8, 0.5685, 4, 0.1333
36, Expert 8, 0.5685, 6, 0.1293
37, Expert 8, 0.5685, 1, 0.1271
38, Expert 8, 0.5685, 4, 0.1303
39, Expert 8, 0.5685, 1, 0.1349
40, Expert 8, 0.5685, 0, 0.1234
41, Expert 8, 0.5685, 6, 0.1284
42, Expert 8, 0.5685, 4, 0.1305
43, Expert 8, 0.5685, 4, 0.1296
44, Expert 8, 0.5685, 4, 0.1348
45, Expert 8, 0.5685, 7, 0.1538
46, Expert 8, 0.5685, 1, 0.1157
47, Expert 8, 0.5685, 1, 0.1304
48, Expert 8, 0.5685, 4, 0.1236
49, Expert 8, 0.5685, 1, 0.1234
50, Expert 8, 0.5685, 6, 0.1505
51, Expert 8, 0.5685, 6, 0.1549
52, Expert 8, 0.5685, 2, 0.1406
53, Expert 8, 0.5685, 4, 0.1253
54, Expert 8, 0.5685, 7, 0.1624
55, Expert 8, 0.5685, 1, 0.1361
56, Expert 8, 0.5685, 3, 0.1302
57, Expert 8, 0.5685, 0, 0.1838
58, Expert 8, 0.5685, 3, 0.1152
59, Expert 8, 0.5685, 4, 0.1239
60, Expert 8, 0.5685, 3, 0.1304
61, Expert 8, 0.5685, 4, 0.1178
62, Expert 8, 0.5685, 1, 0.1389
63, Expert 8, 0.5685, 5, 0.1094
64, Expert 8, 0.5685, 3, 0.1217
65, Expert 8, 0.5685, 1, 0.1162
66, Expert 8, 0.5685, 4, 0.1165
67, Expert 8, 0.5685, 4, 0.1511
68, Expert 8, 0.5685, 1, 0.1136
69, Expert 8, 0.5685, 7, 0.1388
70, Expert 8, 0.5685, 3, 0.1227
71, Expert 8, 0.5685, 3, 0.1205
72, Expert 8, 0.5685, 1, 0.1217
73, Expert 8, 0.5685, 4, 0.1213
74, Expert 8, 0.5685, 1, 0.1498
75, Expert 8, 0.5685, 6, 0.1281
76, Expert 8, 0.5685, 6, 0.1259
77, Expert 8, 0.5685, 4, 0.1258
78, Expert 8, 0.5685, 1, 0.1271
79, Expert 8, 0.5685, 7, 0.1291
80, Expert 8, 0.5685, 3, 0.1402
81, Expert 8, 0.5685, 4, 0.1193
82, Expert 8, 0.5685, 3, 0.1442
83, Expert 8, 0.5685, 4, 0.1199
84, Expert 8, 0.5685, 6, 0.1191
85, Expert 8, 0.5685, 3, 0.1212
86, Expert 8, 0.5685, 1, 0.1401
87, Expert 8, 0.5685, 0, 0.1284
88, Expert 8, 0.5685, 1, 0.1210
89, Expert 8, 0.5685, 1, 0.1556
90, Expert 8, 0.5685, 1, 0.1345
91, Expert 8, 0.5685, 3, 0.1415
92, Expert 8, 0.5685, 2, 0.1649
93, Expert 8, 0.5685, 3, 0.1419
94, Expert 8, 0.5685, 1, 0.1486
95, Expert 8, 0.5685, 3, 0.1346
96, Expert 8, 0.5685, 4, 0.1186
97, Expert 8, 0.5685, 4, 0.1258
98, Expert 8, 0.5685, 6, 0.1418
99, Expert 8, 0.5685, 4, 0.1201
0, Expert 9, 0.8501, 4, 0.8467
1, Expert 9, 0.8501, 8, 0.3027
2, Expert 9, 0.8501, 1, 0.9997
3, Expert 9, 0.8501, 8, 0.3027
4, Expert 9, 0.8501, 3, 0.6429
5, Expert 9, 0.8501, 8, 0.3027
6, Expert 9, 0.8501, 7, 0.9869
7, Expert 9, 0.8501, 7, 0.4240
8, Expert 9, 0.8501, 3, 0.5410
9, Expert 9, 0.8501, 0, 0.9985
10, Expert 9, 0.8501, 2, 0.7320
11, Expert 9, 0.8501, 7, 1.0000
12, Expert 9, 0.8501, 8, 0.3027
13, Expert 9, 0.8501, 3, 0.6795
14, Expert 9, 0.8501, 8, 0.3027
15, Expert 9, 0.8501, 4, 0.9608
16, Expert 9, 0.8501, 7, 1.0000
17, Expert 9, 0.8501, 3, 0.3314
18, Expert 9, 0.8501, 0, 0.8949
19, Expert 9, 0.8501, 8, 0.3027
20, Expert 9, 0.8501, 6, 0.3776
21, Expert 9, 0.8501, 0, 0.9872
22, Expert 9, 0.8501, 8, 0.3027
23, Expert 9, 0.8501, 8, 0.3027
24, Expert 9, 0.8501, 9, 0.9447
25, Expert 9, 0.8501, 3, 0.6787
26, Expert 9, 0.8501, 2, 0.9712
27, Expert 9, 0.8501, 6, 0.7551
28, Expert 9, 0.8501, 2, 0.9493
29, Expert 9, 0.8501, 0, 0.9999
30, Expert 9, 0.8501, 2, 0.9722
31, Expert 9, 0.8501, 1, 0.9997
32, Expert 9, 0.8501, 9, 0.9481
33, Expert 9, 0.8501, 3, 0.2756
34, Expert 9, 0.8501, 4, 0.9660
35, Expert 9, 0.8501, 9, 0.9009
36, Expert 9, 0.8501, 6, 0.7318
37, Expert 9, 0.8501, 1, 0.9956
38, Expert 9, 0.8501, 9, 0.3266
39, Expert 9, 0.8501, 7, 0.9992
40, Expert 9, 0.8501, 0, 0.9949
41, Expert 9, 0.8501, 6, 0.4907
42, Expert 9, 0.8501, 7, 0.9994
43, Expert 9, 0.8501, 9, 0.8770
44, Expert 9, 0.8501, 9, 0.9282
45, Expert 9, 0.8501, 7, 1.0000
46, Expert 9, 0.8501, 0, 0.9798
47, Expert 9, 0.8501, 1, 0.9997
48, Expert 9, 0.8501, 4, 0.9709
49, Expert 9, 0.8501, 0, 0.9971
50, Expert 9, 0.8501, 6, 0.8361
51, Expert 9, 0.8501, 6, 0.7937
52, Expert 9, 0.8501, 3, 0.5110
53, Expert 9, 0.8501, 4, 0.8881
54, Expert 9, 0.8501, 7, 1.0000
55, Expert 9, 0.8501, 1, 0.9987
56, Expert 9, 0.8501, 3, 0.6616
57, Expert 9, 0.8501, 0, 0.9994
58, Expert 9, 0.8501, 2, 0.7529
59, Expert 9, 0.8501, 4, 0.7096
60, Expert 9, 0.8501, 8, 0.3027
61, Expert 9, 0.8501, 3, 0.3382
62, Expert 9, 0.8501, 1, 0.9997
63, Expert 9, 0.8501, 8, 0.3027
64, Expert 9, 0.8501, 8, 0.2807
65, Expert 9, 0.8501, 4, 0.8323
66, Expert 9, 0.8501, 4, 0.8065
67, Expert 9, 0.8501, 9, 0.6064
68, Expert 9, 0.8501, 8, 0.3027
69, Expert 9, 0.8501, 7, 0.9983
70, Expert 9, 0.8501, 3, 0.6614
71, Expert 9, 0.8501, 8, 0.2907
72, Expert 9, 0.8501, 0, 0.9997
73, Expert 9, 0.8501, 4, 0.9619
74, Expert 9, 0.8501, 1, 0.9999
75, Expert 9, 0.8501, 6, 0.7487
76, Expert 9, 0.8501, 6, 0.7570
77, Expert 9, 0.8501, 9, 0.9056
78, Expert 9, 0.8501, 9, 0.2657
79, Expert 9, 0.8501, 7, 0.9993
80, Expert 9, 0.8501, 3, 0.6655
81, Expert 9, 0.8501, 9, 0.6933
82, Expert 9, 0.8501, 3, 0.6283
83, Expert 9, 0.8501, 8, 0.3027
84, Expert 9, 0.8501, 8, 0.3027
85, Expert 9, 0.8501, 3, 0.6481
86, Expert 9, 0.8501, 1, 0.9992
87, Expert 9, 0.8501, 0, 0.9999
88, Expert 9, 0.8501, 8, 0.3027
89, Expert 9, 0.8501, 1, 0.9974
90, Expert 9, 0.8501, 6, 0.6960
91, Expert 9, 0.8501, 3, 0.6590
92, Expert 9, 0.8501, 3, 0.5025
93, Expert 9, 0.8501, 8, 0.3027
94, Expert 9, 0.8501, 1, 0.9992
95, Expert 9, 0.8501, 3, 0.6716
96, Expert 9, 0.8501, 4, 0.9153
97, Expert 9, 0.8501, 9, 0.8383
98, Expert 9, 0.8501, 6, 0.8029
99, Expert 9, 0.8501, 8, 0.3027
0, Expert 10, 0.9549, 4, 0.9062
1, Expert 10, 0.9549, 5, 0.9966
2, Expert 10, 0.9549, 1, 1.0000
3, Expert 10, 0.9549, 8, 0.3613
4, Expert 10, 0.9549, 8, 0.3600
5, Expert 10, 0.9549, 5, 0.9959
6, Expert 10, 0.9549, 7, 0.9552
7, Expert 10, 0.9549, 7, 0.5869
8, Expert 10, 0.9549, 2, 0.8147
9, Expert 10, 0.9549, 0, 0.9998
10, Expert 10, 0.9549, 2, 0.6208
11, Expert 10, 0.9549, 7, 0.9546
12, Expert 10, 0.9549, 5, 0.9601
13, Expert 10, 0.9549, 3, 1.0000
14, Expert 10, 0.9549, 8, 0.2617
15, Expert 10, 0.9549, 4, 0.9338
16, Expert 10, 0.9549, 7, 0.9415
17, Expert 10, 0.9549, 5, 0.9870
18, Expert 10, 0.9549, 0, 0.9910
19, Expert 10, 0.9549, 8, 0.6068
20, Expert 10, 0.9549, 0, 0.8593
21, Expert 10, 0.9549, 0, 0.9455
22, Expert 10, 0.9549, 8, 0.6991
23, Expert 10, 0.9549, 8, 0.6126
24, Expert 10, 0.9549, 9, 0.9947
25, Expert 10, 0.9549, 3, 0.9994
26, Expert 10, 0.9549, 2, 0.8830
27, Expert 10, 0.9549, 6, 0.9997
28, Expert 10, 0.9549, 2, 0.7098
29, Expert 10, 0.9549, 0, 0.9999
30, Expert 10, 0.9549, 2, 0.7713
31, Expert 10, 0.9549, 1, 1.0000
32, Expert 10, 0.9549, 9, 0.9987
33, Expert 10, 0.9549, 8, 0.2894
34, Expert 10, 0.9549, 4, 0.9387
35, Expert 10, 0.9549, 9, 0.9825
36, Expert 10, 0.9549, 6, 0.9997
37, Expert 10, 0.9549, 1, 1.0000
38, Expert 10, 0.9549, 8, 0.3409
39, Expert 10, 0.9549, 7, 0.9360
40, Expert 10, 0.9549, 0, 0.9994
41, Expert 10, 0.9549, 6, 0.6451
42, Expert 10, 0.9549, 7, 0.9069
43, Expert 10, 0.9549, 9, 0.9932
44, Expert 10, 0.9549, 9, 0.9977
45, Expert 10, 0.9549, 7, 0.9767
46, Expert 10, 0.9549, 0, 0.9313
47, Expert 10, 0.9549, 1, 1.0000
48, Expert 10, 0.9549, 4, 0.9015
49, Expert 10, 0.9549, 0, 0.9988
50, Expert 10, 0.9549, 6, 1.0000
51, Expert 10, 0.9549, 6, 0.9998
52, Expert 10, 0.9549, 2, 0.7942
53, Expert 10, 0.9549, 4, 0.8800
54, Expert 10, 0.9549, 7, 0.9510
55, Expert 10, 0.9549, 1, 1.0000
56, Expert 10, 0.9549, 3, 0.9592
57, Expert 10, 0.9549, 0, 0.9992
58, Expert 10, 0.9549, 2, 0.7355
59, Expert 10, 0.9549, 4, 0.8531
60, Expert 10, 0.9549, 5, 0.9948
61, Expert 10, 0.9549, 2, 0.7130
62, Expert 10, 0.9549, 1, 1.0000
63, Expert 10, 0.9549, 5, 0.9817
64, Expert 10, 0.9549, 8, 0.5541
65, Expert 10, 0.9549, 4, 0.8885
66, Expert 10, 0.9549, 4, 0.8362
67, Expert 10, 0.9549, 4, 0.6288
68, Expert 10, 0.9549, 5, 0.9999
69, Expert 10, 0.9549, 7, 0.9537
70, Expert 10, 0.9549, 3, 0.9999
71, Expert 10, 0.9549, 5, 0.9990
72, Expert 10, 0.9549, 0, 0.9995
73, Expert 10, 0.9549, 4, 0.9131
74, Expert 10, 0.9549, 1, 1.0000
75, Expert 10, 0.9549, 6, 0.9985
76, Expert 10, 0.9549, 6, 1.0000
77, Expert 10, 0.9549, 9, 0.9956
78, Expert 10, 0.9549, 8, 0.3687
79, Expert 10, 0.9549, 7, 0.7600
80, Expert 10, 0.9549, 3, 0.9998
81, Expert 10, 0.9549, 9, 0.9685
82, Expert 10, 0.9549, 3, 0.9645
83, Expert 10, 0.9549, 8, 0.6910
84, Expert 10, 0.9549, 5, 0.9996
85, Expert 10, 0.9549, 3, 0.9999
86, Expert 10, 0.9549, 1, 1.0000
87, Expert 10, 0.9549, 0, 0.9997
88, Expert 10, 0.9549, 8, 0.7186
89, Expert 10, 0.9549, 1, 1.0000
90, Expert 10, 0.9549, 6, 0.9929
91, Expert 10, 0.9549, 3, 0.9994
92, Expert 10, 0.9549, 2, 0.7845
93, Expert 10, 0.9549, 8, 0.6096
94, Expert 10, 0.9549, 1, 1.0000
95, Expert 10, 0.9549, 3, 0.9999
96, Expert 10, 0.9549, 4, 0.8981
97, Expert 10, 0.9549, 9, 0.9506
98, Expert 10, 0.9549, 6, 1.0000
99, Expert 10, 0.9549, 8, 0.7089
