  30   7   30
  0
0.4 0.1 0.2 0.05 0.05 0 0.2
2   1   1   0.88 0.92 0.96
2   2   2   0.88 0.92 0.96
2   3   3   0.88 0.92 0.96
2   4   4   0.88 0.92 0.96
2   5   5   0.88 0.92 0.96
2   6   6   0.88 0.92 0.96
2   7   1   0.88 0.92 0.96
2   8   2   0.88 0.92 0.96
2   9   3   0.88 0.92 0.96
2  10   4   0.88 0.92 0.96
2  11   1   0.60 0.64 0.68
2  12   2   0.60 0.64 0.68
2  13   3   0.60 0.64 0.68
2  14   4   0.60 0.64 0.68
2  15   5   0.60 0.64 0.68
2  16   6   0.60 0.64 0.68
2  17   7   0.60 0.64 0.68
2  18   4   0.60 0.64 0.68
2  19   5   0.60 0.64 0.68
2  20   6   0.60 0.64 0.68
2  21   6   0.04 0.08 0.12
2  22   2   0.04 0.08 0.12
2  23   3   0.04 0.08 0.12
2  24   4   0.04 0.08 0.12
2  25   5   0.04 0.08 0.12
2  26   6   0.04 0.08 0.12
2  27   7   0.04 0.08 0.12
2  28   7   0.04 0.08 0.12
2  29   6   0.04 0.08 0.12
2  30   5   0.04 0.08 0.12
0   0   0   0.0   0.00   0.0

0.4 0.1 0.2 0.05 0.05 0 0.2
0.4 0.1 0.2 0.0 0.0 0 0.153496287


