100 	 10 	 1000 
0 
0.    0.744 0.057 0.048 0.001 0.006 0.    0.034 0.106 0.004 
1 	  0 	   2 	 0.6418 	 0.7220 	 0.8022 
2 	  0 	   2 	 0.6511 	 0.7325 	 0.8139 
3 	  0 	   2 	 0.0907 	 0.1021 	 0.1134 
4 	  0 	   3 	 0.0961 	 0.1081 	 0.1201 
5 	  0 	   2 	 0.4361 	 0.4906 	 0.5451 
6 	  0 	   2 	 0.4909 	 0.5522 	 0.6136 
7 	  0 	   2 	 0.7503 	 0.8441 	 0.9379 
8 	  0 	   2 	 0.5438 	 0.6118 	 0.6798 
9 	  0 	   2 	 0.5724 	 0.6439 	 0.7155 
10 	  0 	   2 	 0.6136 	 0.6902 	 0.7669 
1 	  1 	   6 	 0.1901 	 0.2139 	 0.2376 
2 	  1 	   4 	 0.2248 	 0.2530 	 0.2811 
3 	  1 	   0 	 0.0829 	 0.0932 	 0.1036 
4 	  1 	   6 	 0.0626 	 0.0704 	 0.0783 
5 	  1 	   6 	 0.2792 	 0.3141 	 0.3490 
6 	  1 	   6 	 0.3726 	 0.4192 	 0.4658 
7 	  1 	   6 	 0.7578 	 0.8525 	 0.9472 
8 	  1 	   6 	 0.2004 	 0.2254 	 0.2505 
9 	  1 	   6 	 0.5376 	 0.6048 	 0.6720 
10 	  1 	   6 	 0.7628 	 0.8582 	 0.9535 
1 	  2 	   5 	 0.1798 	 0.2023 	 0.2248 
2 	  2 	   5 	 0.2604 	 0.2929 	 0.3255 
3 	  2 	   9 	 0.0754 	 0.0848 	 0.0942 
4 	  2 	   5 	 0.0813 	 0.0914 	 0.1016 
5 	  2 	   5 	 0.3186 	 0.3584 	 0.3982 
6 	  2 	   5 	 0.6725 	 0.7565 	 0.8406 
7 	  2 	   5 	 0.7575 	 0.8522 	 0.9469 
8 	  2 	   5 	 0.0951 	 0.1069 	 0.1188 
9 	  2 	   8 	 0.2059 	 0.2316 	 0.2574 
10 	  2 	   5 	 0.7616 	 0.8568 	 0.9520 
1 	  3 	   9 	 0.2637 	 0.2967 	 0.3297 
2 	  3 	   9 	 0.2929 	 0.3296 	 0.3662 
3 	  3 	   8 	 0.0715 	 0.0804 	 0.0893 
4 	  3 	   9 	 0.1141 	 0.1284 	 0.1426 
5 	  3 	   4 	 0.3233 	 0.3637 	 0.4041 
6 	  3 	   4 	 0.4071 	 0.4580 	 0.5089 
7 	  3 	   4 	 0.4488 	 0.5049 	 0.5609 
8 	  3 	   1 	 0.0780 	 0.0877 	 0.0975 
9 	  3 	   4 	 0.4340 	 0.4882 	 0.5425 
10 	  3 	   4 	 0.6556 	 0.7375 	 0.8194 
1 	  4 	   6 	 0.6209 	 0.6985 	 0.7761 
2 	  4 	   6 	 0.6409 	 0.7210 	 0.8012 
3 	  4 	   6 	 0.1257 	 0.1414 	 0.1571 
4 	  4 	   6 	 0.0642 	 0.0723 	 0.0803 
5 	  4 	   6 	 0.5334 	 0.6001 	 0.6667 
6 	  4 	   6 	 0.5280 	 0.5940 	 0.6600 
7 	  4 	   6 	 0.7579 	 0.8527 	 0.9474 
8 	  4 	   6 	 0.4900 	 0.5513 	 0.6125 
9 	  4 	   6 	 0.5525 	 0.6216 	 0.6906 
10 	  4 	   6 	 0.7639 	 0.8593 	 0.9548 
1 	  5 	   9 	 0.1662 	 0.1870 	 0.2077 
2 	  5 	   9 	 0.1343 	 0.1511 	 0.1678 
3 	  5 	   9 	 0.0875 	 0.0985 	 0.1094 
4 	  5 	   4 	 0.1563 	 0.1758 	 0.1953 
5 	  5 	   9 	 0.3127 	 0.3517 	 0.3908 
6 	  5 	   9 	 0.3912 	 0.4400 	 0.4889 
7 	  5 	   9 	 0.6898 	 0.7761 	 0.8623 
8 	  5 	   9 	 0.0849 	 0.0956 	 0.1062 
9 	  5 	   9 	 0.5706 	 0.6419 	 0.7133 
10 	  5 	   9 	 0.7415 	 0.8341 	 0.9268 
1 	  6 	   8 	 0.1087 	 0.1223 	 0.1359 
2 	  6 	   8 	 0.1338 	 0.1505 	 0.1672 
3 	  6 	   8 	 0.0959 	 0.1079 	 0.1199 
4 	  6 	   8 	 0.0836 	 0.0941 	 0.1045 
5 	  6 	   8 	 0.3527 	 0.3968 	 0.4408 
6 	  6 	   8 	 0.4173 	 0.4695 	 0.5216 
7 	  6 	   8 	 0.7507 	 0.8445 	 0.9383 
8 	  6 	   8 	 0.1300 	 0.1462 	 0.1625 
9 	  6 	   8 	 0.2059 	 0.2316 	 0.2574 
10 	  6 	   8 	 0.4946 	 0.5564 	 0.6183 
1 	  7 	   0 	 0.6142 	 0.6909 	 0.7677 
2 	  7 	   0 	 0.6445 	 0.7251 	 0.8056 
3 	  7 	   0 	 0.0987 	 0.1110 	 0.1233 
4 	  7 	   0 	 0.2242 	 0.2522 	 0.2803 
5 	  7 	   0 	 0.6821 	 0.7673 	 0.8526 
6 	  7 	   0 	 0.7173 	 0.8069 	 0.8966 
7 	  7 	   0 	 0.7205 	 0.8106 	 0.9006 
8 	  7 	   0 	 0.2156 	 0.2425 	 0.2695 
9 	  7 	   0 	 0.6734 	 0.7576 	 0.8417 
10 	  7 	   0 	 0.7530 	 0.8471 	 0.9412 
1 	  8 	   0 	 0.6409 	 0.7210 	 0.8011 
2 	  8 	   0 	 0.6506 	 0.7319 	 0.8132 
3 	  8 	   0 	 0.1061 	 0.1193 	 0.1326 
4 	  8 	   0 	 0.3502 	 0.3940 	 0.4378 
5 	  8 	   0 	 0.6960 	 0.7829 	 0.8699 
6 	  8 	   0 	 0.7275 	 0.8185 	 0.9094 
7 	  8 	   0 	 0.7553 	 0.8498 	 0.9442 
8 	  8 	   0 	 0.4294 	 0.4831 	 0.5368 
9 	  8 	   0 	 0.6800 	 0.7650 	 0.8500 
10 	  8 	   0 	 0.7638 	 0.8593 	 0.9548 
1 	  9 	   8 	 0.1087 	 0.1223 	 0.1359 
2 	  9 	   8 	 0.1342 	 0.1509 	 0.1677 
3 	  9 	   9 	 0.0724 	 0.0814 	 0.0905 
4 	  9 	   6 	 0.0612 	 0.0688 	 0.0765 
5 	  9 	   5 	 0.2966 	 0.3337 	 0.3708 
6 	  9 	   8 	 0.3693 	 0.4154 	 0.4616 
7 	  9 	   8 	 0.6755 	 0.7599 	 0.8443 
8 	  9 	   8 	 0.1208 	 0.1359 	 0.1510 
9 	  9 	   8 	 0.2059 	 0.2316 	 0.2574 
10 	  9 	   8 	 0.2648 	 0.2979 	 0.3310 
1 	  10 	   9 	 0.2589 	 0.2912 	 0.3236 
2 	  10 	   9 	 0.2853 	 0.3210 	 0.3566 
3 	  10 	   4 	 0.0621 	 0.0699 	 0.0776 
4 	  10 	   9 	 0.1333 	 0.1500 	 0.1666 
5 	  10 	   9 	 0.3083 	 0.3469 	 0.3854 
6 	  10 	   9 	 0.3471 	 0.3905 	 0.4339 
7 	  10 	   7 	 0.2198 	 0.2473 	 0.2748 
8 	  10 	   9 	 0.1019 	 0.1146 	 0.1273 
9 	  10 	   9 	 0.6138 	 0.6905 	 0.7673 
10 	  10 	   9 	 0.5177 	 0.5825 	 0.6472 
1 	  11 	   9 	 0.1701 	 0.1914 	 0.2127 
2 	  11 	   9 	 0.1668 	 0.1877 	 0.2086 
3 	  11 	   8 	 0.0761 	 0.0856 	 0.0951 
4 	  11 	   9 	 0.1150 	 0.1293 	 0.1437 
5 	  11 	   4 	 0.2752 	 0.3096 	 0.3440 
6 	  11 	   9 	 0.3724 	 0.4190 	 0.4655 
7 	  11 	   9 	 0.1953 	 0.2197 	 0.2441 
8 	  11 	   1 	 0.0869 	 0.0978 	 0.1086 
9 	  11 	   9 	 0.4777 	 0.5374 	 0.5972 
10 	  11 	   9 	 0.5711 	 0.6425 	 0.7139 
1 	  12 	   5 	 0.1922 	 0.2162 	 0.2402 
2 	  12 	   5 	 0.2789 	 0.3138 	 0.3487 
3 	  12 	   5 	 0.0749 	 0.0843 	 0.0936 
4 	  12 	   2 	 0.0760 	 0.0855 	 0.0950 
5 	  12 	   5 	 0.3694 	 0.4156 	 0.4617 
6 	  12 	   5 	 0.4841 	 0.5446 	 0.6052 
7 	  12 	   5 	 0.7576 	 0.8523 	 0.9470 
8 	  12 	   5 	 0.1561 	 0.1756 	 0.1951 
9 	  12 	   8 	 0.2059 	 0.2316 	 0.2574 
10 	  12 	   5 	 0.7577 	 0.8524 	 0.9471 
1 	  13 	   3 	 0.3654 	 0.4111 	 0.4568 
2 	  13 	   3 	 0.4160 	 0.4680 	 0.5200 
3 	  13 	   3 	 0.1034 	 0.1164 	 0.1293 
4 	  13 	   3 	 0.0959 	 0.1078 	 0.1198 
5 	  13 	   3 	 0.5259 	 0.5916 	 0.6574 
6 	  13 	   3 	 0.7037 	 0.7917 	 0.8797 
7 	  13 	   3 	 0.7574 	 0.8520 	 0.9467 
8 	  13 	   3 	 0.1935 	 0.2176 	 0.2418 
9 	  13 	   3 	 0.4564 	 0.5134 	 0.5705 
10 	  13 	   3 	 0.7639 	 0.8594 	 0.9549 
1 	  14 	   6 	 0.5175 	 0.5821 	 0.6468 
2 	  14 	   6 	 0.5920 	 0.6660 	 0.7400 
3 	  14 	   6 	 0.1152 	 0.1296 	 0.1439 
4 	  14 	   5 	 0.0760 	 0.0856 	 0.0951 
5 	  14 	   6 	 0.5759 	 0.6479 	 0.7199 
6 	  14 	   6 	 0.5579 	 0.6276 	 0.6974 
7 	  14 	   6 	 0.7579 	 0.8527 	 0.9474 
8 	  14 	   6 	 0.3572 	 0.4019 	 0.4465 
9 	  14 	   6 	 0.5238 	 0.5893 	 0.6547 
10 	  14 	   6 	 0.7638 	 0.8593 	 0.9547 
1 	  15 	   8 	 0.1063 	 0.1196 	 0.1329 
2 	  15 	   4 	 0.1594 	 0.1794 	 0.1993 
3 	  15 	   4 	 0.0693 	 0.0780 	 0.0867 
4 	  15 	   2 	 0.0654 	 0.0735 	 0.0817 
5 	  15 	   6 	 0.1180 	 0.1328 	 0.1476 
6 	  15 	   6 	 0.1706 	 0.1919 	 0.2132 
7 	  15 	   8 	 0.1428 	 0.1607 	 0.1785 
8 	  15 	   2 	 0.1266 	 0.1424 	 0.1583 
9 	  15 	   8 	 0.1452 	 0.1634 	 0.1815 
10 	  15 	   8 	 0.2211 	 0.2487 	 0.2763 
1 	  16 	   1 	 0.6338 	 0.7130 	 0.7922 
2 	  16 	   1 	 0.6487 	 0.7298 	 0.8109 
3 	  16 	   1 	 0.2077 	 0.2337 	 0.2596 
4 	  16 	   1 	 0.4144 	 0.4662 	 0.5180 
5 	  16 	   1 	 0.6958 	 0.7827 	 0.8697 
6 	  16 	   1 	 0.7277 	 0.8186 	 0.9096 
7 	  16 	   1 	 0.7579 	 0.8526 	 0.9474 
8 	  16 	   1 	 0.5111 	 0.5750 	 0.6389 
9 	  16 	   1 	 0.6799 	 0.7649 	 0.8499 
10 	  16 	   1 	 0.7639 	 0.8594 	 0.9549 
1 	  17 	   9 	 0.2598 	 0.2923 	 0.3248 
2 	  17 	   9 	 0.3093 	 0.3480 	 0.3867 
3 	  17 	   7 	 0.0705 	 0.0793 	 0.0881 
4 	  17 	   9 	 0.1424 	 0.1602 	 0.1780 
5 	  17 	   9 	 0.3155 	 0.3549 	 0.3943 
6 	  17 	   9 	 0.4189 	 0.4712 	 0.5236 
7 	  17 	   9 	 0.6503 	 0.7315 	 0.8128 
8 	  17 	   9 	 0.0920 	 0.1035 	 0.1150 
9 	  17 	   9 	 0.6083 	 0.6843 	 0.7603 
10 	  17 	   9 	 0.7540 	 0.8482 	 0.9425 
1 	  18 	   8 	 0.1087 	 0.1223 	 0.1359 
2 	  18 	   8 	 0.1342 	 0.1509 	 0.1677 
3 	  18 	   8 	 0.0918 	 0.1033 	 0.1147 
4 	  18 	   8 	 0.0946 	 0.1064 	 0.1182 
5 	  18 	   8 	 0.3773 	 0.4245 	 0.4716 
6 	  18 	   8 	 0.4531 	 0.5098 	 0.5664 
7 	  18 	   8 	 0.7233 	 0.8137 	 0.9041 
8 	  18 	   8 	 0.1410 	 0.1586 	 0.1763 
9 	  18 	   8 	 0.2059 	 0.2316 	 0.2574 
10 	  18 	   8 	 0.5629 	 0.6332 	 0.7036 
1 	  19 	   3 	 0.3245 	 0.3651 	 0.4057 
2 	  19 	   3 	 0.3631 	 0.4085 	 0.4539 
3 	  19 	   3 	 0.0979 	 0.1101 	 0.1223 
4 	  19 	   3 	 0.0961 	 0.1081 	 0.1201 
5 	  19 	   3 	 0.4424 	 0.4977 	 0.5530 
6 	  19 	   3 	 0.6418 	 0.7220 	 0.8022 
7 	  19 	   3 	 0.6683 	 0.7518 	 0.8354 
8 	  19 	   2 	 0.1183 	 0.1330 	 0.1478 
9 	  19 	   3 	 0.2765 	 0.3111 	 0.3457 
10 	  19 	   3 	 0.7581 	 0.8529 	 0.9477 
1 	  20 	   5 	 0.1580 	 0.1778 	 0.1975 
2 	  20 	   5 	 0.2651 	 0.2983 	 0.3314 
3 	  20 	   3 	 0.0789 	 0.0887 	 0.0986 
4 	  20 	   5 	 0.0685 	 0.0771 	 0.0856 
5 	  20 	   5 	 0.4215 	 0.4742 	 0.5269 
6 	  20 	   5 	 0.6358 	 0.7152 	 0.7947 
7 	  20 	   5 	 0.7497 	 0.8434 	 0.9372 
8 	  20 	   5 	 0.1181 	 0.1328 	 0.1476 
9 	  20 	   8 	 0.2059 	 0.2316 	 0.2574 
10 	  20 	   5 	 0.7621 	 0.8574 	 0.9527 
1 	  21 	   3 	 0.2828 	 0.3182 	 0.3535 
2 	  21 	   3 	 0.3589 	 0.4037 	 0.4486 
3 	  21 	   3 	 0.0749 	 0.0843 	 0.0936 
4 	  21 	   3 	 0.1006 	 0.1132 	 0.1258 
5 	  21 	   3 	 0.5458 	 0.6140 	 0.6822 
6 	  21 	   3 	 0.6703 	 0.7540 	 0.8378 
7 	  21 	   3 	 0.7566 	 0.8511 	 0.9457 
8 	  21 	   3 	 0.2036 	 0.2290 	 0.2545 
9 	  21 	   3 	 0.4345 	 0.4888 	 0.5432 
10 	  21 	   3 	 0.7639 	 0.8594 	 0.9549 
1 	  22 	   9 	 0.2646 	 0.2977 	 0.3308 
2 	  22 	   9 	 0.3060 	 0.3443 	 0.3826 
3 	  22 	   4 	 0.0741 	 0.0833 	 0.0926 
4 	  22 	   9 	 0.1562 	 0.1757 	 0.1952 
5 	  22 	   9 	 0.3787 	 0.4261 	 0.4734 
6 	  22 	   9 	 0.4527 	 0.5092 	 0.5658 
7 	  22 	   9 	 0.7310 	 0.8224 	 0.9138 
8 	  22 	   4 	 0.0856 	 0.0963 	 0.1070 
9 	  22 	   9 	 0.6064 	 0.6822 	 0.7581 
10 	  22 	   9 	 0.7622 	 0.8575 	 0.9528 
1 	  23 	   2 	 0.1113 	 0.1252 	 0.1391 
2 	  23 	   2 	 0.3988 	 0.4486 	 0.4985 
3 	  23 	   1 	 0.0786 	 0.0885 	 0.0983 
4 	  23 	   3 	 0.0934 	 0.1051 	 0.1167 
5 	  23 	   2 	 0.3533 	 0.3974 	 0.4416 
6 	  23 	   2 	 0.4726 	 0.5317 	 0.5908 
7 	  23 	   2 	 0.6832 	 0.7686 	 0.8541 
8 	  23 	   2 	 0.1156 	 0.1300 	 0.1445 
9 	  23 	   2 	 0.6104 	 0.6867 	 0.7630 
10 	  23 	   2 	 0.6256 	 0.7038 	 0.7820 
1 	  24 	   2 	 0.4727 	 0.5318 	 0.5909 
2 	  24 	   2 	 0.6252 	 0.7034 	 0.7815 
3 	  24 	   4 	 0.0775 	 0.0872 	 0.0969 
4 	  24 	   2 	 0.0644 	 0.0725 	 0.0805 
5 	  24 	   2 	 0.1772 	 0.1994 	 0.2215 
6 	  24 	   2 	 0.3451 	 0.3883 	 0.4314 
7 	  24 	   2 	 0.7473 	 0.8407 	 0.9341 
8 	  24 	   4 	 0.0780 	 0.0878 	 0.0975 
9 	  24 	   2 	 0.3436 	 0.3866 	 0.4295 
10 	  24 	   2 	 0.6431 	 0.7235 	 0.8039 
1 	  25 	   1 	 0.6375 	 0.7172 	 0.7969 
2 	  25 	   1 	 0.6478 	 0.7287 	 0.8097 
3 	  25 	   1 	 0.2027 	 0.2280 	 0.2533 
4 	  25 	   1 	 0.4799 	 0.5398 	 0.5998 
5 	  25 	   1 	 0.6960 	 0.7831 	 0.8701 
6 	  25 	   1 	 0.7277 	 0.8186 	 0.9096 
7 	  25 	   1 	 0.7578 	 0.8525 	 0.9473 
8 	  25 	   1 	 0.4433 	 0.4987 	 0.5542 
9 	  25 	   1 	 0.6797 	 0.7647 	 0.8496 
10 	  25 	   1 	 0.7639 	 0.8594 	 0.9549 
1 	  26 	   6 	 0.3811 	 0.4288 	 0.4764 
2 	  26 	   6 	 0.4570 	 0.5141 	 0.5713 
3 	  26 	   1 	 0.1041 	 0.1171 	 0.1301 
4 	  26 	   6 	 0.0729 	 0.0820 	 0.0911 
5 	  26 	   6 	 0.2930 	 0.3297 	 0.3663 
6 	  26 	   6 	 0.3149 	 0.3543 	 0.3937 
7 	  26 	   6 	 0.7579 	 0.8526 	 0.9474 
8 	  26 	   6 	 0.2179 	 0.2452 	 0.2724 
9 	  26 	   6 	 0.4469 	 0.5028 	 0.5586 
10 	  26 	   6 	 0.7614 	 0.8566 	 0.9518 
1 	  27 	   7 	 0.5041 	 0.5672 	 0.6302 
2 	  27 	   7 	 0.4760 	 0.5355 	 0.5950 
3 	  27 	   7 	 0.1137 	 0.1279 	 0.1421 
4 	  27 	   7 	 0.1598 	 0.1798 	 0.1997 
5 	  27 	   7 	 0.4203 	 0.4728 	 0.5253 
6 	  27 	   7 	 0.5573 	 0.6270 	 0.6967 
7 	  27 	   7 	 0.5775 	 0.6497 	 0.7219 
8 	  27 	   7 	 0.1774 	 0.1995 	 0.2217 
9 	  27 	   7 	 0.6789 	 0.7638 	 0.8486 
10 	  27 	   7 	 0.6641 	 0.7472 	 0.8302 
1 	  28 	   7 	 0.5395 	 0.6070 	 0.6744 
2 	  28 	   7 	 0.5385 	 0.6059 	 0.6732 
3 	  28 	   7 	 0.1209 	 0.1361 	 0.1512 
4 	  28 	   7 	 0.2428 	 0.2731 	 0.3035 
5 	  28 	   7 	 0.5168 	 0.5814 	 0.6460 
6 	  28 	   7 	 0.5556 	 0.6251 	 0.6945 
7 	  28 	   7 	 0.5522 	 0.6212 	 0.6902 
8 	  28 	   7 	 0.2803 	 0.3153 	 0.3503 
9 	  28 	   7 	 0.6794 	 0.7643 	 0.8492 
10 	  28 	   7 	 0.6205 	 0.6981 	 0.7756 
1 	  29 	   1 	 0.5973 	 0.6720 	 0.7467 
2 	  29 	   1 	 0.5887 	 0.6623 	 0.7359 
3 	  29 	   1 	 0.1217 	 0.1369 	 0.1521 
4 	  29 	   1 	 0.3220 	 0.3622 	 0.4025 
5 	  29 	   1 	 0.6315 	 0.7104 	 0.7894 
6 	  29 	   1 	 0.7236 	 0.8140 	 0.9045 
7 	  29 	   1 	 0.7559 	 0.8503 	 0.9448 
8 	  29 	   1 	 0.3794 	 0.4268 	 0.4742 
9 	  29 	   1 	 0.6058 	 0.6815 	 0.7572 
10 	  29 	   1 	 0.7619 	 0.8571 	 0.9523 
1 	  30 	   2 	 0.6381 	 0.7179 	 0.7976 
2 	  30 	   2 	 0.6497 	 0.7310 	 0.8122 
3 	  30 	   2 	 0.0826 	 0.0929 	 0.1032 
4 	  30 	   3 	 0.0943 	 0.1061 	 0.1179 
5 	  30 	   2 	 0.4192 	 0.4716 	 0.5240 
6 	  30 	   2 	 0.4950 	 0.5569 	 0.6188 
7 	  30 	   2 	 0.7505 	 0.8443 	 0.9381 
8 	  30 	   2 	 0.5087 	 0.5722 	 0.6358 
9 	  30 	   2 	 0.6446 	 0.7251 	 0.8057 
10 	  30 	   2 	 0.6547 	 0.7365 	 0.8183 
1 	  31 	   3 	 0.1944 	 0.2187 	 0.2431 
2 	  31 	   3 	 0.3309 	 0.3722 	 0.4136 
3 	  31 	   3 	 0.1082 	 0.1217 	 0.1352 
4 	  31 	   2 	 0.0829 	 0.0933 	 0.1037 
5 	  31 	   3 	 0.2072 	 0.2331 	 0.2590 
6 	  31 	   3 	 0.2704 	 0.3042 	 0.3380 
7 	  31 	   5 	 0.6958 	 0.7828 	 0.8697 
8 	  31 	   3 	 0.0982 	 0.1105 	 0.1227 
9 	  31 	   3 	 0.3800 	 0.4275 	 0.4750 
10 	  31 	   5 	 0.4714 	 0.5303 	 0.5892 
1 	  32 	   7 	 0.4362 	 0.4908 	 0.5453 
2 	  32 	   7 	 0.4591 	 0.5165 	 0.5739 
3 	  32 	   7 	 0.1009 	 0.1135 	 0.1261 
4 	  32 	   7 	 0.1386 	 0.1559 	 0.1732 
5 	  32 	   7 	 0.4291 	 0.4827 	 0.5363 
6 	  32 	   7 	 0.4624 	 0.5202 	 0.5780 
7 	  32 	   7 	 0.4919 	 0.5534 	 0.6149 
8 	  32 	   7 	 0.1082 	 0.1217 	 0.1352 
9 	  32 	   7 	 0.6658 	 0.7491 	 0.8323 
10 	  32 	   7 	 0.5974 	 0.6720 	 0.7467 
1 	  33 	   2 	 0.6330 	 0.7122 	 0.7913 
2 	  33 	   2 	 0.6498 	 0.7311 	 0.8123 
3 	  33 	   2 	 0.0930 	 0.1047 	 0.1163 
4 	  33 	   2 	 0.0746 	 0.0839 	 0.0933 
5 	  33 	   2 	 0.3065 	 0.3449 	 0.3832 
6 	  33 	   2 	 0.3891 	 0.4377 	 0.4864 
7 	  33 	   2 	 0.7511 	 0.8450 	 0.9389 
8 	  33 	   2 	 0.3468 	 0.3901 	 0.4335 
9 	  33 	   2 	 0.3626 	 0.4080 	 0.4533 
10 	  33 	   2 	 0.6158 	 0.6927 	 0.7697 
1 	  34 	   4 	 0.1048 	 0.1179 	 0.1310 
2 	  34 	   4 	 0.2267 	 0.2550 	 0.2833 
3 	  34 	   4 	 0.0800 	 0.0900 	 0.0999 
4 	  34 	   4 	 0.1633 	 0.1837 	 0.2041 
5 	  34 	   4 	 0.3285 	 0.3696 	 0.4107 
6 	  34 	   4 	 0.4104 	 0.4617 	 0.5130 
7 	  34 	   4 	 0.6302 	 0.7090 	 0.7878 
8 	  34 	   9 	 0.0831 	 0.0934 	 0.1038 
9 	  34 	   4 	 0.5717 	 0.6431 	 0.7146 
10 	  34 	   4 	 0.6929 	 0.7796 	 0.8662 
1 	  35 	   1 	 0.4755 	 0.5349 	 0.5943 
2 	  35 	   1 	 0.6191 	 0.6965 	 0.7739 
3 	  35 	   1 	 0.1126 	 0.1267 	 0.1408 
4 	  35 	   1 	 0.1556 	 0.1750 	 0.1945 
5 	  35 	   1 	 0.6431 	 0.7235 	 0.8038 
6 	  35 	   1 	 0.7275 	 0.8184 	 0.9093 
7 	  35 	   1 	 0.7576 	 0.8523 	 0.9470 
8 	  35 	   1 	 0.1793 	 0.2017 	 0.2242 
9 	  35 	   1 	 0.6773 	 0.7620 	 0.8467 
10 	  35 	   1 	 0.7639 	 0.8594 	 0.9549 
1 	  36 	   7 	 0.6073 	 0.6832 	 0.7591 
2 	  36 	   7 	 0.6203 	 0.6978 	 0.7754 
3 	  36 	   7 	 0.3023 	 0.3400 	 0.3778 
4 	  36 	   7 	 0.3193 	 0.3592 	 0.3992 
5 	  36 	   7 	 0.5735 	 0.6452 	 0.7169 
6 	  36 	   7 	 0.6796 	 0.7646 	 0.8496 
7 	  36 	   7 	 0.7230 	 0.8133 	 0.9037 
8 	  36 	   7 	 0.4224 	 0.4753 	 0.5281 
9 	  36 	   7 	 0.6801 	 0.7651 	 0.8501 
10 	  36 	   7 	 0.7479 	 0.8414 	 0.9348 
1 	  37 	   4 	 0.1933 	 0.2175 	 0.2416 
2 	  37 	   0 	 0.4625 	 0.5204 	 0.5782 
3 	  37 	   0 	 0.1060 	 0.1192 	 0.1325 
4 	  37 	   0 	 0.1653 	 0.1860 	 0.2067 
5 	  37 	   0 	 0.5983 	 0.6731 	 0.7479 
6 	  37 	   0 	 0.6760 	 0.7605 	 0.8450 
7 	  37 	   0 	 0.7567 	 0.8513 	 0.9459 
8 	  37 	   0 	 0.1100 	 0.1237 	 0.1375 
9 	  37 	   0 	 0.2760 	 0.3105 	 0.3449 
10 	  37 	   0 	 0.7637 	 0.8592 	 0.9547 
1 	  38 	   3 	 0.3539 	 0.3982 	 0.4424 
2 	  38 	   3 	 0.3823 	 0.4301 	 0.4779 
3 	  38 	   3 	 0.1186 	 0.1334 	 0.1482 
4 	  38 	   3 	 0.0899 	 0.1012 	 0.1124 
5 	  38 	   5 	 0.3301 	 0.3714 	 0.4127 
6 	  38 	   5 	 0.4964 	 0.5585 	 0.6205 
7 	  38 	   5 	 0.7565 	 0.8510 	 0.9456 
8 	  38 	   8 	 0.1774 	 0.1996 	 0.2218 
9 	  38 	   8 	 0.2059 	 0.2316 	 0.2574 
10 	  38 	   5 	 0.7633 	 0.8587 	 0.9541 
1 	  39 	   3 	 0.3610 	 0.4061 	 0.4512 
2 	  39 	   3 	 0.4033 	 0.4537 	 0.5041 
3 	  39 	   3 	 0.1615 	 0.1817 	 0.2019 
4 	  39 	   3 	 0.1035 	 0.1164 	 0.1294 
5 	  39 	   3 	 0.5792 	 0.6516 	 0.7240 
6 	  39 	   3 	 0.6904 	 0.7767 	 0.8630 
7 	  39 	   3 	 0.7577 	 0.8524 	 0.9471 
8 	  39 	   3 	 0.2908 	 0.3271 	 0.3635 
9 	  39 	   3 	 0.4518 	 0.5083 	 0.5647 
10 	  39 	   3 	 0.7639 	 0.8594 	 0.9549 
1 	  40 	   2 	 0.6121 	 0.6887 	 0.7652 
2 	  40 	   2 	 0.6383 	 0.7181 	 0.7979 
3 	  40 	   8 	 0.0743 	 0.0836 	 0.0929 
4 	  40 	   3 	 0.0866 	 0.0974 	 0.1083 
5 	  40 	   2 	 0.4253 	 0.4784 	 0.5316 
6 	  40 	   2 	 0.4917 	 0.5532 	 0.6146 
7 	  40 	   2 	 0.7564 	 0.8509 	 0.9455 
8 	  40 	   2 	 0.3877 	 0.4362 	 0.4847 
9 	  40 	   2 	 0.6660 	 0.7492 	 0.8325 
10 	  40 	   2 	 0.6387 	 0.7185 	 0.7983 
1 	  41 	   4 	 0.2251 	 0.2533 	 0.2814 
2 	  41 	   4 	 0.3909 	 0.4397 	 0.4886 
3 	  41 	   4 	 0.0781 	 0.0879 	 0.0976 
4 	  41 	   4 	 0.1888 	 0.2125 	 0.2361 
5 	  41 	   4 	 0.3828 	 0.4306 	 0.4785 
6 	  41 	   4 	 0.4526 	 0.5092 	 0.5658 
7 	  41 	   4 	 0.7210 	 0.8111 	 0.9013 
8 	  41 	   4 	 0.0856 	 0.0963 	 0.1070 
9 	  41 	   4 	 0.6210 	 0.6986 	 0.7763 
10 	  41 	   4 	 0.7076 	 0.7961 	 0.8845 
1 	  42 	   9 	 0.2980 	 0.3353 	 0.3725 
2 	  42 	   9 	 0.3412 	 0.3838 	 0.4265 
3 	  42 	   4 	 0.0804 	 0.0905 	 0.1005 
4 	  42 	   4 	 0.1643 	 0.1849 	 0.2054 
5 	  42 	   9 	 0.3373 	 0.3794 	 0.4216 
6 	  42 	   9 	 0.4589 	 0.5163 	 0.5737 
7 	  42 	   9 	 0.7072 	 0.7956 	 0.8840 
8 	  42 	   9 	 0.0993 	 0.1117 	 0.1241 
9 	  42 	   9 	 0.6105 	 0.6868 	 0.7632 
10 	  42 	   9 	 0.7626 	 0.8579 	 0.9533 
1 	  43 	   0 	 0.2731 	 0.3072 	 0.3413 
2 	  43 	   0 	 0.5098 	 0.5736 	 0.6373 
3 	  43 	   0 	 0.0956 	 0.1076 	 0.1195 
4 	  43 	   0 	 0.1453 	 0.1635 	 0.1816 
5 	  43 	   0 	 0.5867 	 0.6600 	 0.7334 
6 	  43 	   0 	 0.6759 	 0.7604 	 0.8449 
7 	  43 	   0 	 0.7496 	 0.8433 	 0.9370 
8 	  43 	   0 	 0.1634 	 0.1838 	 0.2042 
9 	  43 	   0 	 0.6772 	 0.7618 	 0.8465 
10 	  43 	   0 	 0.7638 	 0.8593 	 0.9547 
1 	  44 	   8 	 0.1072 	 0.1206 	 0.1340 
2 	  44 	   8 	 0.1342 	 0.1509 	 0.1677 
3 	  44 	   6 	 0.0976 	 0.1099 	 0.1221 
4 	  44 	   6 	 0.0685 	 0.0771 	 0.0857 
5 	  44 	   6 	 0.1155 	 0.1299 	 0.1444 
6 	  44 	   6 	 0.2166 	 0.2437 	 0.2708 
7 	  44 	   5 	 0.4674 	 0.5258 	 0.5843 
8 	  44 	   9 	 0.0834 	 0.0939 	 0.1043 
9 	  44 	   5 	 0.1837 	 0.2066 	 0.2296 
10 	  44 	   6 	 0.5604 	 0.6305 	 0.7006 
1 	  45 	   3 	 0.2558 	 0.2878 	 0.3197 
2 	  45 	   3 	 0.3150 	 0.3544 	 0.3938 
3 	  45 	   3 	 0.0884 	 0.0994 	 0.1105 
4 	  45 	   5 	 0.0663 	 0.0746 	 0.0829 
5 	  45 	   6 	 0.1562 	 0.1758 	 0.1953 
6 	  45 	   6 	 0.2548 	 0.2867 	 0.3185 
7 	  45 	   0 	 0.4959 	 0.5578 	 0.6198 
8 	  45 	   6 	 0.1386 	 0.1560 	 0.1733 
9 	  45 	   8 	 0.1992 	 0.2241 	 0.2490 
10 	  45 	   5 	 0.3421 	 0.3849 	 0.4276 
1 	  46 	   3 	 0.3270 	 0.3679 	 0.4088 
2 	  46 	   3 	 0.3547 	 0.3990 	 0.4434 
3 	  46 	   3 	 0.0803 	 0.0904 	 0.1004 
4 	  46 	   5 	 0.0716 	 0.0806 	 0.0895 
5 	  46 	   5 	 0.3089 	 0.3476 	 0.3862 
6 	  46 	   5 	 0.6181 	 0.6954 	 0.7726 
7 	  46 	   5 	 0.7579 	 0.8526 	 0.9473 
8 	  46 	   5 	 0.1498 	 0.1685 	 0.1872 
9 	  46 	   8 	 0.2059 	 0.2316 	 0.2574 
10 	  46 	   5 	 0.7639 	 0.8594 	 0.9549 
1 	  47 	   9 	 0.2750 	 0.3094 	 0.3438 
2 	  47 	   7 	 0.3079 	 0.3463 	 0.3848 
3 	  47 	   4 	 0.0804 	 0.0905 	 0.1005 
4 	  47 	   9 	 0.1361 	 0.1531 	 0.1702 
5 	  47 	   7 	 0.2700 	 0.3038 	 0.3375 
6 	  47 	   7 	 0.3516 	 0.3955 	 0.4394 
7 	  47 	   9 	 0.4802 	 0.5402 	 0.6002 
8 	  47 	   9 	 0.0912 	 0.1026 	 0.1140 
9 	  47 	   9 	 0.4282 	 0.4817 	 0.5352 
10 	  47 	   9 	 0.5781 	 0.6503 	 0.7226 
1 	  48 	   9 	 0.2420 	 0.2722 	 0.3025 
2 	  48 	   9 	 0.1659 	 0.1866 	 0.2073 
3 	  48 	   4 	 0.0687 	 0.0772 	 0.0858 
4 	  48 	   4 	 0.2039 	 0.2294 	 0.2548 
5 	  48 	   4 	 0.3412 	 0.3838 	 0.4265 
6 	  48 	   9 	 0.3870 	 0.4353 	 0.4837 
7 	  48 	   9 	 0.4632 	 0.5211 	 0.5790 
8 	  48 	   9 	 0.0893 	 0.1005 	 0.1116 
9 	  48 	   9 	 0.5778 	 0.6500 	 0.7222 
10 	  48 	   9 	 0.7381 	 0.8303 	 0.9226 
1 	  49 	   3 	 0.3229 	 0.3633 	 0.4036 
2 	  49 	   3 	 0.3633 	 0.4087 	 0.4541 
3 	  49 	   3 	 0.1037 	 0.1166 	 0.1296 
4 	  49 	   3 	 0.1270 	 0.1429 	 0.1588 
5 	  49 	   3 	 0.5364 	 0.6035 	 0.6705 
6 	  49 	   3 	 0.6709 	 0.7548 	 0.8387 
7 	  49 	   3 	 0.7480 	 0.8415 	 0.9350 
8 	  49 	   3 	 0.2482 	 0.2792 	 0.3102 
9 	  49 	   3 	 0.4498 	 0.5060 	 0.5623 
10 	  49 	   3 	 0.7624 	 0.8577 	 0.9530 
1 	  50 	   7 	 0.5898 	 0.6635 	 0.7372 
2 	  50 	   7 	 0.6134 	 0.6901 	 0.7668 
3 	  50 	   7 	 0.2868 	 0.3227 	 0.3586 
4 	  50 	   7 	 0.3130 	 0.3521 	 0.3912 
5 	  50 	   7 	 0.5646 	 0.6352 	 0.7058 
6 	  50 	   7 	 0.6918 	 0.7783 	 0.8648 
7 	  50 	   7 	 0.7302 	 0.8215 	 0.9127 
8 	  50 	   7 	 0.3646 	 0.4102 	 0.4558 
9 	  50 	   7 	 0.6801 	 0.7651 	 0.8501 
10 	  50 	   7 	 0.7462 	 0.8395 	 0.9327 
1 	  51 	   3 	 0.3832 	 0.4311 	 0.4790 
2 	  51 	   3 	 0.4047 	 0.4553 	 0.5059 
3 	  51 	   3 	 0.1187 	 0.1336 	 0.1484 
4 	  51 	   2 	 0.0765 	 0.0860 	 0.0956 
5 	  51 	   3 	 0.3776 	 0.4248 	 0.4720 
6 	  51 	   3 	 0.5759 	 0.6479 	 0.7199 
7 	  51 	   3 	 0.7514 	 0.8453 	 0.9393 
8 	  51 	   3 	 0.2122 	 0.2387 	 0.2652 
9 	  51 	   3 	 0.4499 	 0.5062 	 0.5624 
10 	  51 	   3 	 0.7327 	 0.8243 	 0.9159 
1 	  52 	   3 	 0.3907 	 0.4395 	 0.4883 
2 	  52 	   3 	 0.4279 	 0.4813 	 0.5348 
3 	  52 	   3 	 0.1435 	 0.1614 	 0.1794 
4 	  52 	   3 	 0.0933 	 0.1050 	 0.1166 
5 	  52 	   3 	 0.5994 	 0.6744 	 0.7493 
6 	  52 	   3 	 0.7067 	 0.7950 	 0.8834 
7 	  52 	   3 	 0.7579 	 0.8526 	 0.9474 
8 	  52 	   3 	 0.2190 	 0.2464 	 0.2738 
9 	  52 	   3 	 0.4675 	 0.5259 	 0.5844 
10 	  52 	   3 	 0.7639 	 0.8594 	 0.9549 
1 	  53 	   3 	 0.3565 	 0.4010 	 0.4456 
2 	  53 	   3 	 0.3862 	 0.4345 	 0.4828 
3 	  53 	   3 	 0.1048 	 0.1179 	 0.1310 
4 	  53 	   2 	 0.0693 	 0.0779 	 0.0866 
5 	  53 	   3 	 0.3072 	 0.3456 	 0.3840 
6 	  53 	   3 	 0.5298 	 0.5960 	 0.6622 
7 	  53 	   3 	 0.7522 	 0.8462 	 0.9402 
8 	  53 	   3 	 0.1626 	 0.1829 	 0.2033 
9 	  53 	   3 	 0.4463 	 0.5021 	 0.5579 
10 	  53 	   3 	 0.7604 	 0.8555 	 0.9505 
1 	  54 	   8 	 0.1103 	 0.1241 	 0.1379 
2 	  54 	   8 	 0.1404 	 0.1579 	 0.1754 
3 	  54 	   8 	 0.0893 	 0.1005 	 0.1116 
4 	  54 	   5 	 0.0830 	 0.0934 	 0.1038 
5 	  54 	   8 	 0.2880 	 0.3240 	 0.3600 
6 	  54 	   8 	 0.3645 	 0.4101 	 0.4557 
7 	  54 	   8 	 0.7030 	 0.7908 	 0.8787 
8 	  54 	   8 	 0.1218 	 0.1371 	 0.1523 
9 	  54 	   8 	 0.2059 	 0.2316 	 0.2574 
10 	  54 	   8 	 0.5018 	 0.5645 	 0.6273 
1 	  55 	   1 	 0.6285 	 0.7070 	 0.7856 
2 	  55 	   1 	 0.6428 	 0.7231 	 0.8035 
3 	  55 	   1 	 0.1665 	 0.1873 	 0.2081 
4 	  55 	   1 	 0.4510 	 0.5073 	 0.5637 
5 	  55 	   1 	 0.6959 	 0.7829 	 0.8699 
6 	  55 	   1 	 0.7277 	 0.8186 	 0.9096 
7 	  55 	   1 	 0.7578 	 0.8526 	 0.9473 
8 	  55 	   1 	 0.4696 	 0.5283 	 0.5870 
9 	  55 	   1 	 0.6797 	 0.7647 	 0.8496 
10 	  55 	   1 	 0.7639 	 0.8594 	 0.9549 
1 	  56 	   1 	 0.6315 	 0.7105 	 0.7894 
2 	  56 	   1 	 0.6377 	 0.7174 	 0.7971 
3 	  56 	   1 	 0.1835 	 0.2064 	 0.2294 
4 	  56 	   1 	 0.3840 	 0.4320 	 0.4800 
5 	  56 	   1 	 0.6958 	 0.7828 	 0.8698 
6 	  56 	   1 	 0.7277 	 0.8186 	 0.9096 
7 	  56 	   1 	 0.7579 	 0.8526 	 0.9474 
8 	  56 	   1 	 0.4290 	 0.4826 	 0.5362 
9 	  56 	   1 	 0.6799 	 0.7649 	 0.8499 
10 	  56 	   1 	 0.7639 	 0.8594 	 0.9549 
1 	  57 	   0 	 0.6245 	 0.7026 	 0.7807 
2 	  57 	   0 	 0.6439 	 0.7244 	 0.8049 
3 	  57 	   0 	 0.1151 	 0.1295 	 0.1438 
4 	  57 	   0 	 0.2302 	 0.2590 	 0.2878 
5 	  57 	   0 	 0.6827 	 0.7680 	 0.8533 
6 	  57 	   0 	 0.7206 	 0.8107 	 0.9008 
7 	  57 	   0 	 0.7488 	 0.8424 	 0.9360 
8 	  57 	   0 	 0.2953 	 0.3322 	 0.3692 
9 	  57 	   0 	 0.6752 	 0.7596 	 0.8440 
10 	  57 	   0 	 0.7632 	 0.8586 	 0.9541 
1 	  58 	   0 	 0.3058 	 0.3440 	 0.3822 
2 	  58 	   0 	 0.3483 	 0.3919 	 0.4354 
3 	  58 	   0 	 0.0892 	 0.1004 	 0.1115 
4 	  58 	   0 	 0.1477 	 0.1662 	 0.1846 
5 	  58 	   0 	 0.4976 	 0.5598 	 0.6220 
6 	  58 	   0 	 0.3507 	 0.3946 	 0.4384 
7 	  58 	   6 	 0.7579 	 0.8527 	 0.9474 
8 	  58 	   6 	 0.3059 	 0.3441 	 0.3824 
9 	  58 	   6 	 0.5358 	 0.6027 	 0.6697 
10 	  58 	   6 	 0.7254 	 0.8161 	 0.9068 
1 	  59 	   4 	 0.1346 	 0.1515 	 0.1683 
2 	  59 	   4 	 0.2285 	 0.2570 	 0.2856 
3 	  59 	   2 	 0.0760 	 0.0854 	 0.0949 
4 	  59 	   8 	 0.0644 	 0.0724 	 0.0805 
5 	  59 	   4 	 0.2275 	 0.2559 	 0.2843 
6 	  59 	   4 	 0.3736 	 0.4203 	 0.4669 
7 	  59 	   4 	 0.6656 	 0.7488 	 0.8320 
8 	  59 	   9 	 0.0838 	 0.0943 	 0.1048 
9 	  59 	   4 	 0.6451 	 0.7257 	 0.8063 
10 	  59 	   4 	 0.6691 	 0.7527 	 0.8364 
1 	  60 	   7 	 0.5572 	 0.6269 	 0.6966 
2 	  60 	   7 	 0.5433 	 0.6112 	 0.6791 
3 	  60 	   7 	 0.2009 	 0.2260 	 0.2511 
4 	  60 	   7 	 0.2129 	 0.2395 	 0.2661 
5 	  60 	   7 	 0.5039 	 0.5669 	 0.6299 
6 	  60 	   7 	 0.5398 	 0.6073 	 0.6748 
7 	  60 	   7 	 0.6979 	 0.7852 	 0.8724 
8 	  60 	   7 	 0.2006 	 0.2257 	 0.2508 
9 	  60 	   7 	 0.6800 	 0.7650 	 0.8500 
10 	  60 	   7 	 0.6827 	 0.7681 	 0.8534 
1 	  61 	   9 	 0.1975 	 0.2222 	 0.2469 
2 	  61 	   9 	 0.1486 	 0.1672 	 0.1858 
3 	  61 	   1 	 0.0725 	 0.0816 	 0.0907 
4 	  61 	   1 	 0.0964 	 0.1085 	 0.1206 
5 	  61 	   4 	 0.1897 	 0.2134 	 0.2371 
6 	  61 	   8 	 0.2177 	 0.2449 	 0.2721 
7 	  61 	   9 	 0.2409 	 0.2710 	 0.3012 
8 	  61 	   1 	 0.2212 	 0.2488 	 0.2765 
9 	  61 	   1 	 0.2120 	 0.2385 	 0.2650 
10 	  61 	   8 	 0.3252 	 0.3659 	 0.4065 
1 	  62 	   8 	 0.1087 	 0.1223 	 0.1359 
2 	  62 	   8 	 0.1342 	 0.1509 	 0.1677 
3 	  62 	   8 	 0.0917 	 0.1032 	 0.1147 
4 	  62 	   2 	 0.0684 	 0.0769 	 0.0855 
5 	  62 	   8 	 0.2614 	 0.2940 	 0.3267 
6 	  62 	   8 	 0.3647 	 0.4103 	 0.4559 
7 	  62 	   8 	 0.6932 	 0.7799 	 0.8665 
8 	  62 	   9 	 0.0826 	 0.0930 	 0.1033 
9 	  62 	   8 	 0.2059 	 0.2316 	 0.2574 
10 	  62 	   8 	 0.5385 	 0.6058 	 0.6731 
1 	  63 	   2 	 0.5905 	 0.6643 	 0.7381 
2 	  63 	   2 	 0.6254 	 0.7036 	 0.7818 
3 	  63 	   2 	 0.0801 	 0.0901 	 0.1001 
4 	  63 	   8 	 0.0864 	 0.0972 	 0.1080 
5 	  63 	   2 	 0.3982 	 0.4480 	 0.4978 
6 	  63 	   2 	 0.4598 	 0.5172 	 0.5747 
7 	  63 	   2 	 0.7522 	 0.8462 	 0.9402 
8 	  63 	   2 	 0.4137 	 0.4654 	 0.5171 
9 	  63 	   2 	 0.5999 	 0.6748 	 0.7498 
10 	  63 	   2 	 0.5707 	 0.6420 	 0.7134 
1 	  64 	   8 	 0.1087 	 0.1223 	 0.1359 
2 	  64 	   8 	 0.1342 	 0.1509 	 0.1677 
3 	  64 	   1 	 0.0885 	 0.0995 	 0.1106 
4 	  64 	   8 	 0.0714 	 0.0803 	 0.0892 
5 	  64 	   8 	 0.2298 	 0.2585 	 0.2872 
6 	  64 	   8 	 0.3393 	 0.3818 	 0.4242 
7 	  64 	   8 	 0.3858 	 0.4340 	 0.4822 
8 	  64 	   5 	 0.0859 	 0.0966 	 0.1073 
9 	  64 	   8 	 0.2059 	 0.2316 	 0.2574 
10 	  64 	   8 	 0.5261 	 0.5918 	 0.6576 
1 	  65 	   5 	 0.1250 	 0.1407 	 0.1563 
2 	  65 	   5 	 0.1998 	 0.2248 	 0.2498 
3 	  65 	   3 	 0.1015 	 0.1142 	 0.1269 
4 	  65 	   8 	 0.0745 	 0.0838 	 0.0931 
5 	  65 	   5 	 0.2859 	 0.3216 	 0.3573 
6 	  65 	   5 	 0.5183 	 0.5831 	 0.6479 
7 	  65 	   5 	 0.5543 	 0.6236 	 0.6929 
8 	  65 	   5 	 0.1065 	 0.1198 	 0.1331 
9 	  65 	   6 	 0.3229 	 0.3633 	 0.4037 
10 	  65 	   5 	 0.7615 	 0.8567 	 0.9519 
1 	  66 	   8 	 0.1087 	 0.1223 	 0.1359 
2 	  66 	   8 	 0.1371 	 0.1542 	 0.1714 
3 	  66 	   8 	 0.0883 	 0.0993 	 0.1104 
4 	  66 	   8 	 0.0742 	 0.0835 	 0.0927 
5 	  66 	   8 	 0.3045 	 0.3425 	 0.3806 
6 	  66 	   8 	 0.4175 	 0.4697 	 0.5219 
7 	  66 	   8 	 0.5070 	 0.5704 	 0.6338 
8 	  66 	   8 	 0.1396 	 0.1570 	 0.1745 
9 	  66 	   3 	 0.3245 	 0.3651 	 0.4057 
10 	  66 	   8 	 0.2942 	 0.3310 	 0.3678 
1 	  67 	   9 	 0.1951 	 0.2194 	 0.2438 
2 	  67 	   4 	 0.2176 	 0.2448 	 0.2720 
3 	  67 	   4 	 0.0728 	 0.0819 	 0.0910 
4 	  67 	   4 	 0.2037 	 0.2291 	 0.2546 
5 	  67 	   4 	 0.4244 	 0.4774 	 0.5305 
6 	  67 	   4 	 0.4991 	 0.5615 	 0.6239 
7 	  67 	   4 	 0.7211 	 0.8112 	 0.9013 
8 	  67 	   4 	 0.0856 	 0.0963 	 0.1070 
9 	  67 	   4 	 0.6571 	 0.7393 	 0.8214 
10 	  67 	   4 	 0.6932 	 0.7799 	 0.8665 
1 	  68 	   7 	 0.3353 	 0.3772 	 0.4191 
2 	  68 	   7 	 0.4314 	 0.4854 	 0.5393 
3 	  68 	   7 	 0.1789 	 0.2013 	 0.2236 
4 	  68 	   7 	 0.0834 	 0.0938 	 0.1042 
5 	  68 	   2 	 0.1275 	 0.1435 	 0.1594 
6 	  68 	   6 	 0.1368 	 0.1539 	 0.1710 
7 	  68 	   2 	 0.3088 	 0.3474 	 0.3860 
8 	  68 	   0 	 0.0994 	 0.1118 	 0.1242 
9 	  68 	   2 	 0.1281 	 0.1441 	 0.1601 
10 	  68 	   2 	 0.3930 	 0.4421 	 0.4912 
1 	  69 	   2 	 0.6424 	 0.7227 	 0.8030 
2 	  69 	   2 	 0.6513 	 0.7327 	 0.8141 
3 	  69 	   2 	 0.1057 	 0.1189 	 0.1322 
4 	  69 	   3 	 0.1034 	 0.1163 	 0.1293 
5 	  69 	   2 	 0.4712 	 0.5301 	 0.5890 
6 	  69 	   2 	 0.5526 	 0.6216 	 0.6907 
7 	  69 	   2 	 0.7570 	 0.8517 	 0.9463 
8 	  69 	   2 	 0.5739 	 0.6456 	 0.7173 
9 	  69 	   2 	 0.6728 	 0.7569 	 0.8410 
10 	  69 	   2 	 0.6669 	 0.7502 	 0.8336 
1 	  70 	   1 	 0.6382 	 0.7180 	 0.7977 
2 	  70 	   1 	 0.6481 	 0.7292 	 0.8102 
3 	  70 	   1 	 0.2087 	 0.2348 	 0.2609 
4 	  70 	   1 	 0.4715 	 0.5304 	 0.5894 
5 	  70 	   1 	 0.6960 	 0.7831 	 0.8701 
6 	  70 	   1 	 0.7277 	 0.8186 	 0.9096 
7 	  70 	   1 	 0.7578 	 0.8525 	 0.9472 
8 	  70 	   1 	 0.4497 	 0.5060 	 0.5622 
9 	  70 	   1 	 0.6799 	 0.7649 	 0.8499 
10 	  70 	   1 	 0.7639 	 0.8594 	 0.9549 
1 	  71 	   3 	 0.3218 	 0.3620 	 0.4022 
2 	  71 	   3 	 0.3475 	 0.3910 	 0.4344 
3 	  71 	   5 	 0.0763 	 0.0859 	 0.0954 
4 	  71 	   8 	 0.0892 	 0.1004 	 0.1115 
5 	  71 	   5 	 0.3940 	 0.4433 	 0.4925 
6 	  71 	   5 	 0.6619 	 0.7446 	 0.8274 
7 	  71 	   5 	 0.7578 	 0.8526 	 0.9473 
8 	  71 	   5 	 0.1531 	 0.1723 	 0.1914 
9 	  71 	   8 	 0.2059 	 0.2316 	 0.2574 
10 	  71 	   5 	 0.7639 	 0.8594 	 0.9549 
1 	  72 	   3 	 0.3353 	 0.3772 	 0.4191 
2 	  72 	   3 	 0.3682 	 0.4142 	 0.4603 
3 	  72 	   3 	 0.0952 	 0.1071 	 0.1190 
4 	  72 	   8 	 0.0763 	 0.0858 	 0.0954 
5 	  72 	   5 	 0.3870 	 0.4354 	 0.4837 
6 	  72 	   5 	 0.5875 	 0.6609 	 0.7343 
7 	  72 	   5 	 0.7571 	 0.8517 	 0.9463 
8 	  72 	   5 	 0.1433 	 0.1613 	 0.1792 
9 	  72 	   8 	 0.2054 	 0.2310 	 0.2567 
10 	  72 	   5 	 0.7601 	 0.8551 	 0.9501 
1 	  73 	   4 	 0.1454 	 0.1635 	 0.1817 
2 	  73 	   4 	 0.1889 	 0.2125 	 0.2362 
3 	  73 	   4 	 0.0750 	 0.0844 	 0.0937 
4 	  73 	   4 	 0.1251 	 0.1407 	 0.1564 
5 	  73 	   4 	 0.3996 	 0.4495 	 0.4994 
6 	  73 	   4 	 0.4277 	 0.4812 	 0.5346 
7 	  73 	   4 	 0.4705 	 0.5293 	 0.5881 
8 	  73 	   9 	 0.0848 	 0.0954 	 0.1059 
9 	  73 	   4 	 0.6317 	 0.7107 	 0.7896 
10 	  73 	   4 	 0.6759 	 0.7604 	 0.8449 
1 	  74 	   7 	 0.4910 	 0.5524 	 0.6138 
2 	  74 	   7 	 0.4555 	 0.5124 	 0.5693 
3 	  74 	   9 	 0.0814 	 0.0916 	 0.1018 
4 	  74 	   7 	 0.1446 	 0.1626 	 0.1807 
5 	  74 	   7 	 0.4336 	 0.4877 	 0.5419 
6 	  74 	   7 	 0.4571 	 0.5142 	 0.5714 
7 	  74 	   7 	 0.3850 	 0.4331 	 0.4812 
8 	  74 	   7 	 0.1384 	 0.1557 	 0.1730 
9 	  74 	   7 	 0.6217 	 0.6994 	 0.7771 
10 	  74 	   7 	 0.5010 	 0.5637 	 0.6263 
1 	  75 	   7 	 0.6094 	 0.6855 	 0.7617 
2 	  75 	   7 	 0.6074 	 0.6834 	 0.7593 
3 	  75 	   7 	 0.2845 	 0.3200 	 0.3556 
4 	  75 	   7 	 0.2695 	 0.3032 	 0.3369 
5 	  75 	   7 	 0.5495 	 0.6182 	 0.6869 
6 	  75 	   7 	 0.6430 	 0.7234 	 0.8038 
7 	  75 	   7 	 0.7237 	 0.8142 	 0.9046 
8 	  75 	   7 	 0.4075 	 0.4584 	 0.5093 
9 	  75 	   7 	 0.6801 	 0.7651 	 0.8501 
10 	  75 	   7 	 0.7360 	 0.8280 	 0.9199 
1 	  76 	   8 	 0.1087 	 0.1223 	 0.1359 
2 	  76 	   8 	 0.1342 	 0.1509 	 0.1677 
3 	  76 	   8 	 0.0845 	 0.0951 	 0.1057 
4 	  76 	   2 	 0.0744 	 0.0837 	 0.0930 
5 	  76 	   8 	 0.1864 	 0.2097 	 0.2330 
6 	  76 	   8 	 0.2777 	 0.3124 	 0.3471 
7 	  76 	   8 	 0.6844 	 0.7699 	 0.8555 
8 	  76 	   8 	 0.0976 	 0.1098 	 0.1220 
9 	  76 	   8 	 0.2059 	 0.2316 	 0.2574 
10 	  76 	   8 	 0.5237 	 0.5892 	 0.6547 
1 	  77 	   1 	 0.5958 	 0.6703 	 0.7447 
2 	  77 	   1 	 0.6280 	 0.7065 	 0.7850 
3 	  77 	   1 	 0.1754 	 0.1973 	 0.2192 
4 	  77 	   1 	 0.3380 	 0.3802 	 0.4225 
5 	  77 	   1 	 0.6959 	 0.7828 	 0.8698 
6 	  77 	   1 	 0.7277 	 0.8186 	 0.9096 
7 	  77 	   1 	 0.7578 	 0.8525 	 0.9472 
8 	  77 	   1 	 0.2816 	 0.3168 	 0.3519 
9 	  77 	   1 	 0.6800 	 0.7650 	 0.8500 
10 	  77 	   1 	 0.7639 	 0.8594 	 0.9549 
1 	  78 	   0 	 0.6236 	 0.7016 	 0.7795 
2 	  78 	   0 	 0.6492 	 0.7304 	 0.8116 
3 	  78 	   0 	 0.1056 	 0.1188 	 0.1320 
4 	  78 	   0 	 0.2119 	 0.2384 	 0.2649 
5 	  78 	   0 	 0.6876 	 0.7735 	 0.8595 
6 	  78 	   0 	 0.7236 	 0.8141 	 0.9045 
7 	  78 	   0 	 0.7479 	 0.8414 	 0.9348 
8 	  78 	   0 	 0.2222 	 0.2500 	 0.2778 
9 	  78 	   0 	 0.6799 	 0.7649 	 0.8499 
10 	  78 	   0 	 0.7635 	 0.8590 	 0.9544 
1 	  79 	   0 	 0.5816 	 0.6543 	 0.7270 
2 	  79 	   0 	 0.6445 	 0.7251 	 0.8057 
3 	  79 	   0 	 0.0860 	 0.0968 	 0.1075 
4 	  79 	   0 	 0.1176 	 0.1323 	 0.1470 
5 	  79 	   0 	 0.6312 	 0.7101 	 0.7890 
6 	  79 	   0 	 0.6742 	 0.7585 	 0.8428 
7 	  79 	   0 	 0.7387 	 0.8310 	 0.9233 
8 	  79 	   0 	 0.0900 	 0.1012 	 0.1124 
9 	  79 	   0 	 0.6786 	 0.7634 	 0.8482 
10 	  79 	   0 	 0.7595 	 0.8545 	 0.9494 
1 	  80 	   6 	 0.4316 	 0.4855 	 0.5395 
2 	  80 	   6 	 0.4934 	 0.5551 	 0.6167 
3 	  80 	   4 	 0.0725 	 0.0816 	 0.0907 
4 	  80 	   6 	 0.0609 	 0.0685 	 0.0762 
5 	  80 	   6 	 0.4328 	 0.4869 	 0.5410 
6 	  80 	   6 	 0.4532 	 0.5099 	 0.5665 
7 	  80 	   6 	 0.7013 	 0.7889 	 0.8766 
8 	  80 	   6 	 0.2736 	 0.3078 	 0.3420 
9 	  80 	   6 	 0.5181 	 0.5828 	 0.6476 
10 	  80 	   6 	 0.7159 	 0.8053 	 0.8948 
1 	  81 	   0 	 0.5198 	 0.5848 	 0.6498 
2 	  81 	   0 	 0.5872 	 0.6606 	 0.7340 
3 	  81 	   0 	 0.0850 	 0.0957 	 0.1063 
4 	  81 	   0 	 0.2015 	 0.2267 	 0.2519 
5 	  81 	   0 	 0.6665 	 0.7498 	 0.8331 
6 	  81 	   0 	 0.7216 	 0.8118 	 0.9020 
7 	  81 	   0 	 0.7413 	 0.8340 	 0.9266 
8 	  81 	   0 	 0.3432 	 0.3861 	 0.4290 
9 	  81 	   0 	 0.6790 	 0.7638 	 0.8487 
10 	  81 	   0 	 0.7618 	 0.8571 	 0.9523 
1 	  82 	   8 	 0.1087 	 0.1223 	 0.1359 
2 	  82 	   8 	 0.1342 	 0.1509 	 0.1677 
3 	  82 	   8 	 0.0959 	 0.1079 	 0.1198 
4 	  82 	   8 	 0.1019 	 0.1146 	 0.1273 
5 	  82 	   8 	 0.3523 	 0.3964 	 0.4404 
6 	  82 	   8 	 0.3831 	 0.4310 	 0.4789 
7 	  82 	   8 	 0.6561 	 0.7381 	 0.8201 
8 	  82 	   8 	 0.0876 	 0.0985 	 0.1095 
9 	  82 	   8 	 0.2059 	 0.2316 	 0.2574 
10 	  82 	   8 	 0.2886 	 0.3247 	 0.3608 
1 	  83 	   1 	 0.5706 	 0.6419 	 0.7132 
2 	  83 	   1 	 0.6183 	 0.6956 	 0.7729 
3 	  83 	   1 	 0.1567 	 0.1763 	 0.1959 
4 	  83 	   1 	 0.3654 	 0.4110 	 0.4567 
5 	  83 	   1 	 0.6958 	 0.7828 	 0.8698 
6 	  83 	   1 	 0.7277 	 0.8186 	 0.9096 
7 	  83 	   1 	 0.7578 	 0.8525 	 0.9472 
8 	  83 	   1 	 0.3442 	 0.3873 	 0.4303 
9 	  83 	   1 	 0.6797 	 0.7647 	 0.8497 
10 	  83 	   1 	 0.7639 	 0.8594 	 0.9549 
1 	  84 	   6 	 0.5282 	 0.5942 	 0.6602 
2 	  84 	   6 	 0.5951 	 0.6695 	 0.7439 
3 	  84 	   6 	 0.1106 	 0.1244 	 0.1382 
4 	  84 	   6 	 0.0767 	 0.0863 	 0.0959 
5 	  84 	   6 	 0.5609 	 0.6310 	 0.7011 
6 	  84 	   6 	 0.5547 	 0.6240 	 0.6934 
7 	  84 	   6 	 0.7579 	 0.8527 	 0.9474 
8 	  84 	   6 	 0.4525 	 0.5090 	 0.5656 
9 	  84 	   6 	 0.5375 	 0.6046 	 0.6718 
10 	  84 	   6 	 0.7639 	 0.8594 	 0.9549 
1 	  85 	   4 	 0.1390 	 0.1564 	 0.1738 
2 	  85 	   6 	 0.1270 	 0.1429 	 0.1588 
3 	  85 	   0 	 0.0889 	 0.1000 	 0.1111 
4 	  85 	   0 	 0.1645 	 0.1851 	 0.2057 
5 	  85 	   0 	 0.2997 	 0.3371 	 0.3746 
6 	  85 	   6 	 0.4225 	 0.4753 	 0.5281 
7 	  85 	   6 	 0.7577 	 0.8524 	 0.9471 
8 	  85 	   6 	 0.1600 	 0.1800 	 0.2000 
9 	  85 	   6 	 0.3305 	 0.3718 	 0.4131 
10 	  85 	   6 	 0.7627 	 0.8581 	 0.9534 
1 	  86 	   8 	 0.1087 	 0.1223 	 0.1359 
2 	  86 	   8 	 0.1375 	 0.1547 	 0.1719 
3 	  86 	   1 	 0.1018 	 0.1145 	 0.1272 
4 	  86 	   8 	 0.0689 	 0.0775 	 0.0861 
5 	  86 	   2 	 0.1162 	 0.1308 	 0.1453 
6 	  86 	   6 	 0.1489 	 0.1676 	 0.1862 
7 	  86 	   1 	 0.4869 	 0.5478 	 0.6086 
8 	  86 	   2 	 0.0782 	 0.0880 	 0.0978 
9 	  86 	   1 	 0.3694 	 0.4156 	 0.4618 
10 	  86 	   8 	 0.2237 	 0.2517 	 0.2797 
1 	  87 	   6 	 0.5501 	 0.6188 	 0.6876 
2 	  87 	   6 	 0.6109 	 0.6873 	 0.7636 
3 	  87 	   6 	 0.1001 	 0.1127 	 0.1252 
4 	  87 	   5 	 0.0808 	 0.0909 	 0.1010 
5 	  87 	   6 	 0.5327 	 0.5993 	 0.6658 
6 	  87 	   6 	 0.5246 	 0.5902 	 0.6558 
7 	  87 	   6 	 0.7579 	 0.8527 	 0.9474 
8 	  87 	   6 	 0.4525 	 0.5091 	 0.5656 
9 	  87 	   6 	 0.5366 	 0.6037 	 0.6708 
10 	  87 	   6 	 0.7638 	 0.8593 	 0.9547 
1 	  88 	   4 	 0.2440 	 0.2745 	 0.3050 
2 	  88 	   4 	 0.3978 	 0.4475 	 0.4972 
3 	  88 	   4 	 0.0892 	 0.1003 	 0.1114 
4 	  88 	   4 	 0.1975 	 0.2221 	 0.2468 
5 	  88 	   4 	 0.3943 	 0.4436 	 0.4929 
6 	  88 	   4 	 0.4691 	 0.5278 	 0.5864 
7 	  88 	   4 	 0.7229 	 0.8133 	 0.9037 
8 	  88 	   9 	 0.0731 	 0.0823 	 0.0914 
9 	  88 	   4 	 0.6287 	 0.7072 	 0.7858 
10 	  88 	   4 	 0.6934 	 0.7801 	 0.8668 
1 	  89 	   6 	 0.3768 	 0.4239 	 0.4710 
2 	  89 	   6 	 0.5586 	 0.6285 	 0.6983 
3 	  89 	   1 	 0.0837 	 0.0942 	 0.1046 
4 	  89 	   5 	 0.0813 	 0.0915 	 0.1017 
5 	  89 	   6 	 0.4563 	 0.5133 	 0.5703 
6 	  89 	   6 	 0.4716 	 0.5305 	 0.5895 
7 	  89 	   6 	 0.7579 	 0.8527 	 0.9474 
8 	  89 	   6 	 0.1683 	 0.1893 	 0.2103 
9 	  89 	   6 	 0.4742 	 0.5335 	 0.5928 
10 	  89 	   6 	 0.7615 	 0.8566 	 0.9518 
1 	  90 	   4 	 0.1055 	 0.1187 	 0.1319 
2 	  90 	   4 	 0.3327 	 0.3743 	 0.4159 
3 	  90 	   9 	 0.0672 	 0.0756 	 0.0840 
4 	  90 	   4 	 0.1879 	 0.2114 	 0.2349 
5 	  90 	   4 	 0.3691 	 0.4153 	 0.4614 
6 	  90 	   4 	 0.4326 	 0.4867 	 0.5408 
7 	  90 	   4 	 0.5901 	 0.6639 	 0.7376 
8 	  90 	   9 	 0.0860 	 0.0968 	 0.1075 
9 	  90 	   4 	 0.6185 	 0.6958 	 0.7731 
10 	  90 	   4 	 0.6795 	 0.7645 	 0.8494 
1 	  91 	   3 	 0.3692 	 0.4154 	 0.4615 
2 	  91 	   3 	 0.3921 	 0.4411 	 0.4901 
3 	  91 	   3 	 0.1230 	 0.1384 	 0.1538 
4 	  91 	   2 	 0.0706 	 0.0795 	 0.0883 
5 	  91 	   3 	 0.4035 	 0.4540 	 0.5044 
6 	  91 	   3 	 0.6053 	 0.6810 	 0.7567 
7 	  91 	   3 	 0.6748 	 0.7592 	 0.8435 
8 	  91 	   5 	 0.0907 	 0.1021 	 0.1134 
9 	  91 	   3 	 0.4533 	 0.5100 	 0.5667 
10 	  91 	   5 	 0.6828 	 0.7682 	 0.8535 
1 	  92 	   7 	 0.2915 	 0.3279 	 0.3643 
2 	  92 	   9 	 0.3127 	 0.3518 	 0.3909 
3 	  92 	   9 	 0.0708 	 0.0796 	 0.0885 
4 	  92 	   9 	 0.1666 	 0.1875 	 0.2083 
5 	  92 	   9 	 0.3659 	 0.4117 	 0.4574 
6 	  92 	   9 	 0.4516 	 0.5080 	 0.5645 
7 	  92 	   9 	 0.7179 	 0.8077 	 0.8974 
8 	  92 	   9 	 0.0885 	 0.0995 	 0.1106 
9 	  92 	   9 	 0.6139 	 0.6907 	 0.7674 
10 	  92 	   9 	 0.7591 	 0.8539 	 0.9488 
1 	  93 	   9 	 0.2012 	 0.2263 	 0.2515 
2 	  93 	   9 	 0.2976 	 0.3349 	 0.3721 
3 	  93 	   4 	 0.0711 	 0.0800 	 0.0889 
4 	  93 	   4 	 0.1611 	 0.1812 	 0.2013 
5 	  93 	   9 	 0.3374 	 0.3796 	 0.4217 
6 	  93 	   9 	 0.3778 	 0.4250 	 0.4723 
7 	  93 	   9 	 0.6211 	 0.6988 	 0.7764 
8 	  93 	   4 	 0.0856 	 0.0963 	 0.1070 
9 	  93 	   9 	 0.5133 	 0.5774 	 0.6416 
10 	  93 	   9 	 0.7373 	 0.8295 	 0.9216 
1 	  94 	   4 	 0.1848 	 0.2079 	 0.2310 
2 	  94 	   4 	 0.4024 	 0.4526 	 0.5029 
3 	  94 	   4 	 0.0806 	 0.0906 	 0.1007 
4 	  94 	   4 	 0.2223 	 0.2501 	 0.2779 
5 	  94 	   4 	 0.3628 	 0.4081 	 0.4535 
6 	  94 	   4 	 0.4262 	 0.4795 	 0.5327 
7 	  94 	   4 	 0.7354 	 0.8273 	 0.9192 
8 	  94 	   4 	 0.0856 	 0.0963 	 0.1070 
9 	  94 	   4 	 0.6454 	 0.7261 	 0.8068 
10 	  94 	   4 	 0.7013 	 0.7890 	 0.8766 
1 	  95 	   1 	 0.6202 	 0.6977 	 0.7752 
2 	  95 	   1 	 0.6472 	 0.7281 	 0.8090 
3 	  95 	   1 	 0.1592 	 0.1791 	 0.1990 
4 	  95 	   1 	 0.2936 	 0.3303 	 0.3671 
5 	  95 	   1 	 0.6959 	 0.7829 	 0.8699 
6 	  95 	   1 	 0.7277 	 0.8186 	 0.9096 
7 	  95 	   1 	 0.7579 	 0.8526 	 0.9473 
8 	  95 	   1 	 0.2541 	 0.2859 	 0.3176 
9 	  95 	   1 	 0.6801 	 0.7651 	 0.8501 
10 	  95 	   1 	 0.7639 	 0.8594 	 0.9549 
1 	  96 	   3 	 0.3244 	 0.3650 	 0.4056 
2 	  96 	   3 	 0.3796 	 0.4271 	 0.4746 
3 	  96 	   3 	 0.0888 	 0.0999 	 0.1110 
4 	  96 	   2 	 0.0688 	 0.0774 	 0.0860 
5 	  96 	   3 	 0.3190 	 0.3589 	 0.3988 
6 	  96 	   3 	 0.5180 	 0.5827 	 0.6475 
7 	  96 	   3 	 0.7423 	 0.8350 	 0.9278 
8 	  96 	   8 	 0.1100 	 0.1237 	 0.1375 
9 	  96 	   3 	 0.4210 	 0.4737 	 0.5263 
10 	  96 	   3 	 0.7626 	 0.8579 	 0.9532 
1 	  97 	   4 	 0.1916 	 0.2155 	 0.2395 
2 	  97 	   4 	 0.3552 	 0.3996 	 0.4440 
3 	  97 	   7 	 0.1289 	 0.1450 	 0.1611 
4 	  97 	   4 	 0.1972 	 0.2218 	 0.2465 
5 	  97 	   4 	 0.3502 	 0.3940 	 0.4378 
6 	  97 	   4 	 0.4427 	 0.4981 	 0.5534 
7 	  97 	   4 	 0.7348 	 0.8266 	 0.9185 
8 	  97 	   9 	 0.0921 	 0.1036 	 0.1151 
9 	  97 	   4 	 0.6551 	 0.7370 	 0.8189 
10 	  97 	   4 	 0.7062 	 0.7944 	 0.8827 
1 	  98 	   0 	 0.4021 	 0.4523 	 0.5026 
2 	  98 	   0 	 0.5254 	 0.5911 	 0.6568 
3 	  98 	   0 	 0.1074 	 0.1208 	 0.1343 
4 	  98 	   0 	 0.2455 	 0.2762 	 0.3069 
5 	  98 	   0 	 0.6830 	 0.7684 	 0.8538 
6 	  98 	   0 	 0.7229 	 0.8132 	 0.9036 
7 	  98 	   0 	 0.7561 	 0.8506 	 0.9451 
8 	  98 	   0 	 0.3430 	 0.3859 	 0.4288 
9 	  98 	   0 	 0.6786 	 0.7634 	 0.8483 
10 	  98 	   0 	 0.7639 	 0.8594 	 0.9548 
1 	  99 	   8 	 0.1088 	 0.1224 	 0.1361 
2 	  99 	   8 	 0.1362 	 0.1532 	 0.1702 
3 	  99 	   8 	 0.1007 	 0.1133 	 0.1259 
4 	  99 	   2 	 0.0715 	 0.0805 	 0.0894 
5 	  99 	   8 	 0.3127 	 0.3518 	 0.3909 
6 	  99 	   8 	 0.3769 	 0.4240 	 0.4711 
7 	  99 	   8 	 0.7262 	 0.8170 	 0.9078 
8 	  99 	   8 	 0.1293 	 0.1454 	 0.1616 
9 	  99 	   8 	 0.2059 	 0.2316 	 0.2574 
10 	  99 	   8 	 0.5623 	 0.6325 	 0.7028 
