50 	 10 	 500 
0 
0.033 0.039 0.072 0.071 0.059 0.199 0.076 0.05 0.337 0.064 
1 	  0 	   5 	 0.2635 	 0.2965 	 0.3294 
2 	  0 	   5 	 0.3044 	 0.3424 	 0.3805 
3 	  0 	   5 	 0.0848 	 0.0954 	 0.1060 
4 	  0 	   2 	 0.0671 	 0.0755 	 0.0839 
5 	  0 	   5 	 0.3175 	 0.3572 	 0.3969 
6 	  0 	   5 	 0.4839 	 0.5443 	 0.6048 
7 	  0 	   5 	 0.7496 	 0.8433 	 0.9370 
8 	  0 	   5 	 0.1050 	 0.1181 	 0.1312 
9 	  0 	   8 	 0.2059 	 0.2316 	 0.2574 
10 	  0 	   5 	 0.7603 	 0.8553 	 0.9504 
1 	  1 	   6 	 0.5583 	 0.6281 	 0.6978 
2 	  1 	   6 	 0.6106 	 0.6869 	 0.7632 
3 	  1 	   6 	 0.1391 	 0.1564 	 0.1738 
4 	  1 	   6 	 0.0771 	 0.0868 	 0.0964 
5 	  1 	   6 	 0.5525 	 0.6215 	 0.6906 
6 	  1 	   6 	 0.5404 	 0.6080 	 0.6755 
7 	  1 	   6 	 0.7579 	 0.8527 	 0.9474 
8 	  1 	   6 	 0.4354 	 0.4898 	 0.5442 
9 	  1 	   6 	 0.5317 	 0.5982 	 0.6646 
10 	  1 	   6 	 0.7633 	 0.8587 	 0.9541 
1 	  2 	   4 	 0.1115 	 0.1254 	 0.1394 
2 	  2 	   4 	 0.3095 	 0.3482 	 0.3869 
3 	  2 	   4 	 0.0850 	 0.0956 	 0.1062 
4 	  2 	   4 	 0.1927 	 0.2168 	 0.2409 
5 	  2 	   4 	 0.3993 	 0.4492 	 0.4992 
6 	  2 	   4 	 0.4907 	 0.5520 	 0.6133 
7 	  2 	   4 	 0.7491 	 0.8428 	 0.9364 
8 	  2 	   4 	 0.0856 	 0.0963 	 0.1070 
9 	  2 	   4 	 0.6687 	 0.7523 	 0.8359 
10 	  2 	   4 	 0.7232 	 0.8136 	 0.9040 
1 	  3 	   7 	 0.6155 	 0.6925 	 0.7694 
2 	  3 	   7 	 0.6257 	 0.7039 	 0.7821 
3 	  3 	   7 	 0.3006 	 0.3382 	 0.3758 
4 	  3 	   7 	 0.2914 	 0.3278 	 0.3642 
5 	  3 	   7 	 0.5659 	 0.6367 	 0.7074 
6 	  3 	   7 	 0.6448 	 0.7254 	 0.8060 
7 	  3 	   7 	 0.7303 	 0.8215 	 0.9128 
8 	  3 	   7 	 0.3638 	 0.4093 	 0.4548 
9 	  3 	   7 	 0.6801 	 0.7651 	 0.8501 
10 	  3 	   7 	 0.7425 	 0.8353 	 0.9281 
1 	  4 	   0 	 0.5502 	 0.6189 	 0.6877 
2 	  4 	   0 	 0.6353 	 0.7147 	 0.7941 
3 	  4 	   0 	 0.0821 	 0.0923 	 0.1026 
4 	  4 	   0 	 0.2025 	 0.2278 	 0.2531 
5 	  4 	   0 	 0.6790 	 0.7639 	 0.8488 
6 	  4 	   0 	 0.7130 	 0.8021 	 0.8912 
7 	  4 	   0 	 0.6740 	 0.7582 	 0.8425 
8 	  4 	   0 	 0.2669 	 0.3002 	 0.3336 
9 	  4 	   0 	 0.6732 	 0.7574 	 0.8416 
10 	  4 	   0 	 0.7475 	 0.8409 	 0.9343 
1 	  5 	   9 	 0.2831 	 0.3185 	 0.3539 
2 	  5 	   9 	 0.3257 	 0.3664 	 0.4071 
3 	  5 	   9 	 0.0739 	 0.0831 	 0.0923 
4 	  5 	   9 	 0.1844 	 0.2074 	 0.2305 
5 	  5 	   9 	 0.3690 	 0.4151 	 0.4612 
6 	  5 	   9 	 0.4778 	 0.5375 	 0.5973 
7 	  5 	   9 	 0.6940 	 0.7807 	 0.8675 
8 	  5 	   9 	 0.1033 	 0.1162 	 0.1292 
9 	  5 	   9 	 0.6286 	 0.7072 	 0.7857 
10 	  5 	   9 	 0.7493 	 0.8430 	 0.9366 
1 	  6 	   1 	 0.5109 	 0.5748 	 0.6387 
2 	  6 	   1 	 0.4237 	 0.4767 	 0.5297 
3 	  6 	   1 	 0.1187 	 0.1335 	 0.1484 
4 	  6 	   1 	 0.1787 	 0.2010 	 0.2233 
5 	  6 	   1 	 0.6262 	 0.7045 	 0.7828 
6 	  6 	   1 	 0.7257 	 0.8165 	 0.9072 
7 	  6 	   1 	 0.2366 	 0.2662 	 0.2958 
8 	  6 	   1 	 0.2447 	 0.2753 	 0.3059 
9 	  6 	   1 	 0.1759 	 0.1979 	 0.2199 
10 	  6 	   1 	 0.7639 	 0.8594 	 0.9549 
1 	  7 	   3 	 0.3139 	 0.3531 	 0.3924 
2 	  7 	   3 	 0.3603 	 0.4053 	 0.4504 
3 	  7 	   3 	 0.0886 	 0.0997 	 0.1108 
4 	  7 	   6 	 0.0746 	 0.0839 	 0.0932 
5 	  7 	   5 	 0.4034 	 0.4538 	 0.5043 
6 	  7 	   5 	 0.4483 	 0.5043 	 0.5604 
7 	  7 	   5 	 0.4480 	 0.5040 	 0.5600 
8 	  7 	   3 	 0.1645 	 0.1850 	 0.2056 
9 	  7 	   8 	 0.2059 	 0.2316 	 0.2574 
10 	  7 	   5 	 0.7120 	 0.8010 	 0.8900 
1 	  8 	   4 	 0.1745 	 0.1963 	 0.2181 
2 	  8 	   4 	 0.3946 	 0.4439 	 0.4933 
3 	  8 	   4 	 0.0854 	 0.0960 	 0.1067 
4 	  8 	   9 	 0.1765 	 0.1986 	 0.2207 
5 	  8 	   4 	 0.4193 	 0.4717 	 0.5241 
6 	  8 	   4 	 0.4710 	 0.5299 	 0.5887 
7 	  8 	   4 	 0.6927 	 0.7793 	 0.8659 
8 	  8 	   4 	 0.0831 	 0.0935 	 0.1038 
9 	  8 	   4 	 0.6222 	 0.7000 	 0.7778 
10 	  8 	   4 	 0.7135 	 0.8027 	 0.8919 
1 	  9 	   1 	 0.5426 	 0.6104 	 0.6782 
2 	  9 	   1 	 0.6341 	 0.7134 	 0.7927 
3 	  9 	   1 	 0.0936 	 0.1053 	 0.1170 
4 	  9 	   1 	 0.1571 	 0.1768 	 0.1964 
5 	  9 	   1 	 0.6824 	 0.7677 	 0.8530 
6 	  9 	   1 	 0.7277 	 0.8186 	 0.9096 
7 	  9 	   1 	 0.7577 	 0.8525 	 0.9472 
8 	  9 	   1 	 0.1394 	 0.1568 	 0.1742 
9 	  9 	   1 	 0.6800 	 0.7650 	 0.8500 
10 	  9 	   1 	 0.7639 	 0.8594 	 0.9549 
1 	  10 	   4 	 0.2068 	 0.2327 	 0.2585 
2 	  10 	   4 	 0.4120 	 0.4634 	 0.5149 
3 	  10 	   9 	 0.0802 	 0.0903 	 0.1003 
4 	  10 	   4 	 0.2128 	 0.2394 	 0.2660 
5 	  10 	   4 	 0.4432 	 0.4986 	 0.5540 
6 	  10 	   4 	 0.5362 	 0.6032 	 0.6702 
7 	  10 	   4 	 0.7312 	 0.8226 	 0.9140 
8 	  10 	   8 	 0.0777 	 0.0874 	 0.0971 
9 	  10 	   4 	 0.6255 	 0.7037 	 0.7818 
10 	  10 	   4 	 0.7282 	 0.8192 	 0.9102 
1 	  11 	   1 	 0.6314 	 0.7103 	 0.7892 
2 	  11 	   1 	 0.6379 	 0.7177 	 0.7974 
3 	  11 	   1 	 0.1696 	 0.1908 	 0.2120 
4 	  11 	   1 	 0.3953 	 0.4447 	 0.4942 
5 	  11 	   1 	 0.6959 	 0.7828 	 0.8698 
6 	  11 	   1 	 0.7277 	 0.8186 	 0.9096 
7 	  11 	   1 	 0.7578 	 0.8525 	 0.9473 
8 	  11 	   1 	 0.4131 	 0.4648 	 0.5164 
9 	  11 	   1 	 0.6799 	 0.7649 	 0.8499 
10 	  11 	   1 	 0.7639 	 0.8594 	 0.9549 
1 	  12 	   9 	 0.1416 	 0.1593 	 0.1770 
2 	  12 	   8 	 0.1264 	 0.1422 	 0.1580 
3 	  12 	   9 	 0.0801 	 0.0901 	 0.1001 
4 	  12 	   4 	 0.1252 	 0.1408 	 0.1564 
5 	  12 	   4 	 0.3283 	 0.3693 	 0.4103 
6 	  12 	   9 	 0.3663 	 0.4121 	 0.4579 
7 	  12 	   9 	 0.6023 	 0.6775 	 0.7528 
8 	  12 	   5 	 0.0947 	 0.1065 	 0.1184 
9 	  12 	   9 	 0.5295 	 0.5957 	 0.6619 
10 	  12 	   9 	 0.7616 	 0.8568 	 0.9520 
1 	  13 	   8 	 0.1087 	 0.1223 	 0.1359 
2 	  13 	   8 	 0.1342 	 0.1509 	 0.1677 
3 	  13 	   8 	 0.0911 	 0.1025 	 0.1139 
4 	  13 	   8 	 0.0867 	 0.0975 	 0.1084 
5 	  13 	   8 	 0.3705 	 0.4168 	 0.4631 
6 	  13 	   8 	 0.3504 	 0.3942 	 0.4379 
7 	  13 	   8 	 0.7498 	 0.8435 	 0.9372 
8 	  13 	   5 	 0.0889 	 0.1000 	 0.1111 
9 	  13 	   8 	 0.2059 	 0.2316 	 0.2574 
10 	  13 	   8 	 0.2803 	 0.3154 	 0.3504 
1 	  14 	   1 	 0.6261 	 0.7043 	 0.7826 
2 	  14 	   1 	 0.6168 	 0.6939 	 0.7710 
3 	  14 	   1 	 0.2064 	 0.2322 	 0.2580 
4 	  14 	   1 	 0.4309 	 0.4848 	 0.5387 
5 	  14 	   1 	 0.6951 	 0.7820 	 0.8689 
6 	  14 	   1 	 0.7276 	 0.8186 	 0.9095 
7 	  14 	   1 	 0.7577 	 0.8524 	 0.9471 
8 	  14 	   1 	 0.4916 	 0.5530 	 0.6145 
9 	  14 	   1 	 0.6775 	 0.7622 	 0.8469 
10 	  14 	   1 	 0.7639 	 0.8594 	 0.9549 
1 	  15 	   8 	 0.1087 	 0.1223 	 0.1359 
2 	  15 	   8 	 0.1342 	 0.1509 	 0.1677 
3 	  15 	   4 	 0.0690 	 0.0776 	 0.0862 
4 	  15 	   2 	 0.0702 	 0.0789 	 0.0877 
5 	  15 	   5 	 0.1232 	 0.1386 	 0.1540 
6 	  15 	   6 	 0.1489 	 0.1676 	 0.1862 
7 	  15 	   8 	 0.6502 	 0.7315 	 0.8128 
8 	  15 	   9 	 0.0730 	 0.0821 	 0.0912 
9 	  15 	   8 	 0.2059 	 0.2316 	 0.2574 
10 	  15 	   8 	 0.5093 	 0.5729 	 0.6366 
1 	  16 	   3 	 0.2397 	 0.2697 	 0.2997 
2 	  16 	   3 	 0.3487 	 0.3923 	 0.4359 
3 	  16 	   5 	 0.0789 	 0.0887 	 0.0986 
4 	  16 	   7 	 0.0886 	 0.0996 	 0.1107 
5 	  16 	   3 	 0.2909 	 0.3272 	 0.3636 
6 	  16 	   3 	 0.5888 	 0.6623 	 0.7359 
7 	  16 	   5 	 0.5866 	 0.6599 	 0.7333 
8 	  16 	   5 	 0.1215 	 0.1367 	 0.1519 
9 	  16 	   3 	 0.4043 	 0.4549 	 0.5054 
10 	  16 	   3 	 0.7612 	 0.8563 	 0.9514 
1 	  17 	   3 	 0.3471 	 0.3905 	 0.4338 
2 	  17 	   3 	 0.3866 	 0.4349 	 0.4832 
3 	  17 	   3 	 0.1283 	 0.1444 	 0.1604 
4 	  17 	   3 	 0.1255 	 0.1412 	 0.1569 
5 	  17 	   3 	 0.4059 	 0.4566 	 0.5073 
6 	  17 	   3 	 0.5633 	 0.6338 	 0.7042 
7 	  17 	   3 	 0.7362 	 0.8282 	 0.9202 
8 	  17 	   5 	 0.0956 	 0.1075 	 0.1195 
9 	  17 	   3 	 0.4437 	 0.4992 	 0.5547 
10 	  17 	   3 	 0.7598 	 0.8548 	 0.9497 
1 	  18 	   4 	 0.1767 	 0.1988 	 0.2209 
2 	  18 	   4 	 0.3030 	 0.3408 	 0.3787 
3 	  18 	   7 	 0.0669 	 0.0753 	 0.0837 
4 	  18 	   4 	 0.1050 	 0.1182 	 0.1313 
5 	  18 	   4 	 0.4045 	 0.4551 	 0.5056 
6 	  18 	   4 	 0.4371 	 0.4918 	 0.5464 
7 	  18 	   4 	 0.5381 	 0.6054 	 0.6726 
8 	  18 	   9 	 0.0837 	 0.0942 	 0.1047 
9 	  18 	   4 	 0.6234 	 0.7014 	 0.7793 
10 	  18 	   4 	 0.6175 	 0.6947 	 0.7719 
1 	  19 	   3 	 0.3571 	 0.4017 	 0.4463 
2 	  19 	   3 	 0.3841 	 0.4321 	 0.4802 
3 	  19 	   3 	 0.1054 	 0.1186 	 0.1318 
4 	  19 	   3 	 0.0971 	 0.1093 	 0.1214 
5 	  19 	   3 	 0.4654 	 0.5235 	 0.5817 
6 	  19 	   3 	 0.6160 	 0.6929 	 0.7699 
7 	  19 	   3 	 0.7532 	 0.8473 	 0.9414 
8 	  19 	   8 	 0.1284 	 0.1445 	 0.1605 
9 	  19 	   3 	 0.3971 	 0.4468 	 0.4964 
10 	  19 	   3 	 0.7633 	 0.8587 	 0.9541 
1 	  20 	   0 	 0.6394 	 0.7193 	 0.7993 
2 	  20 	   0 	 0.6508 	 0.7322 	 0.8136 
3 	  20 	   0 	 0.1210 	 0.1361 	 0.1512 
4 	  20 	   0 	 0.3124 	 0.3515 	 0.3905 
5 	  20 	   0 	 0.6953 	 0.7822 	 0.8691 
6 	  20 	   0 	 0.7272 	 0.8181 	 0.9090 
7 	  20 	   0 	 0.7521 	 0.8461 	 0.9401 
8 	  20 	   0 	 0.3963 	 0.4458 	 0.4954 
9 	  20 	   0 	 0.6799 	 0.7649 	 0.8499 
10 	  20 	   0 	 0.7638 	 0.8592 	 0.9547 
1 	  21 	   9 	 0.2920 	 0.3285 	 0.3650 
2 	  21 	   7 	 0.3101 	 0.3489 	 0.3877 
3 	  21 	   7 	 0.1694 	 0.1906 	 0.2117 
4 	  21 	   7 	 0.1591 	 0.1790 	 0.1989 
5 	  21 	   7 	 0.4209 	 0.4735 	 0.5261 
6 	  21 	   7 	 0.6744 	 0.7587 	 0.8430 
7 	  21 	   7 	 0.6586 	 0.7410 	 0.8233 
8 	  21 	   7 	 0.1674 	 0.1883 	 0.2092 
9 	  21 	   7 	 0.6680 	 0.7515 	 0.8350 
10 	  21 	   7 	 0.7174 	 0.8071 	 0.8968 
1 	  22 	   2 	 0.6405 	 0.7206 	 0.8006 
2 	  22 	   2 	 0.6503 	 0.7316 	 0.8129 
3 	  22 	   1 	 0.0739 	 0.0832 	 0.0924 
4 	  22 	   2 	 0.0741 	 0.0833 	 0.0926 
5 	  22 	   2 	 0.3281 	 0.3692 	 0.4102 
6 	  22 	   2 	 0.4032 	 0.4535 	 0.5039 
7 	  22 	   2 	 0.7572 	 0.8519 	 0.9465 
8 	  22 	   2 	 0.4501 	 0.5064 	 0.5627 
9 	  22 	   2 	 0.5822 	 0.6550 	 0.7277 
10 	  22 	   2 	 0.5818 	 0.6546 	 0.7273 
1 	  23 	   5 	 0.1965 	 0.2210 	 0.2456 
2 	  23 	   5 	 0.2986 	 0.3359 	 0.3733 
3 	  23 	   9 	 0.0782 	 0.0879 	 0.0977 
4 	  23 	   5 	 0.0827 	 0.0930 	 0.1033 
5 	  23 	   5 	 0.3203 	 0.3604 	 0.4004 
6 	  23 	   5 	 0.6129 	 0.6896 	 0.7662 
7 	  23 	   5 	 0.7570 	 0.8516 	 0.9462 
8 	  23 	   5 	 0.1291 	 0.1453 	 0.1614 
9 	  23 	   8 	 0.2059 	 0.2316 	 0.2574 
10 	  23 	   5 	 0.7614 	 0.8565 	 0.9517 
1 	  24 	   8 	 0.1049 	 0.1180 	 0.1312 
2 	  24 	   5 	 0.1319 	 0.1484 	 0.1649 
3 	  24 	   8 	 0.0783 	 0.0881 	 0.0979 
4 	  24 	   8 	 0.1034 	 0.1164 	 0.1293 
5 	  24 	   8 	 0.1983 	 0.2231 	 0.2478 
6 	  24 	   8 	 0.1385 	 0.1558 	 0.1731 
7 	  24 	   8 	 0.7143 	 0.8036 	 0.8929 
8 	  24 	   8 	 0.1225 	 0.1378 	 0.1532 
9 	  24 	   8 	 0.2059 	 0.2316 	 0.2574 
10 	  24 	   8 	 0.5407 	 0.6083 	 0.6759 
1 	  25 	   9 	 0.1550 	 0.1744 	 0.1938 
2 	  25 	   9 	 0.1747 	 0.1966 	 0.2184 
3 	  25 	   7 	 0.0743 	 0.0836 	 0.0928 
4 	  25 	   9 	 0.1523 	 0.1713 	 0.1903 
5 	  25 	   9 	 0.3413 	 0.3840 	 0.4267 
6 	  25 	   9 	 0.4276 	 0.4810 	 0.5345 
7 	  25 	   9 	 0.7145 	 0.8039 	 0.8932 
8 	  25 	   9 	 0.0822 	 0.0924 	 0.1027 
9 	  25 	   9 	 0.6163 	 0.6933 	 0.7704 
10 	  25 	   9 	 0.7631 	 0.8585 	 0.9539 
1 	  26 	   4 	 0.1421 	 0.1598 	 0.1776 
2 	  26 	   4 	 0.1929 	 0.2170 	 0.2411 
3 	  26 	   8 	 0.0671 	 0.0755 	 0.0839 
4 	  26 	   2 	 0.0721 	 0.0811 	 0.0901 
5 	  26 	   5 	 0.1944 	 0.2187 	 0.2430 
6 	  26 	   8 	 0.1435 	 0.1614 	 0.1794 
7 	  26 	   7 	 0.1849 	 0.2080 	 0.2311 
8 	  26 	   3 	 0.1100 	 0.1238 	 0.1375 
9 	  26 	   8 	 0.2059 	 0.2316 	 0.2574 
10 	  26 	   2 	 0.2827 	 0.3181 	 0.3534 
1 	  27 	   0 	 0.2285 	 0.2570 	 0.2856 
2 	  27 	   0 	 0.2839 	 0.3194 	 0.3549 
3 	  27 	   0 	 0.0868 	 0.0977 	 0.1085 
4 	  27 	   0 	 0.1545 	 0.1738 	 0.1931 
5 	  27 	   0 	 0.5223 	 0.5876 	 0.6529 
6 	  27 	   0 	 0.6395 	 0.7194 	 0.7994 
7 	  27 	   0 	 0.7470 	 0.8403 	 0.9337 
8 	  27 	   0 	 0.2364 	 0.2660 	 0.2955 
9 	  27 	   0 	 0.6706 	 0.7544 	 0.8383 
10 	  27 	   0 	 0.7618 	 0.8570 	 0.9522 
1 	  28 	   7 	 0.6008 	 0.6758 	 0.7509 
2 	  28 	   7 	 0.5913 	 0.6652 	 0.7391 
3 	  28 	   7 	 0.2376 	 0.2673 	 0.2970 
4 	  28 	   7 	 0.2869 	 0.3227 	 0.3586 
5 	  28 	   7 	 0.5613 	 0.6314 	 0.7016 
6 	  28 	   7 	 0.6904 	 0.7767 	 0.8630 
7 	  28 	   7 	 0.7253 	 0.8159 	 0.9066 
8 	  28 	   7 	 0.3600 	 0.4050 	 0.4500 
9 	  28 	   7 	 0.6801 	 0.7651 	 0.8501 
10 	  28 	   7 	 0.7316 	 0.8230 	 0.9145 
1 	  29 	   8 	 0.1087 	 0.1223 	 0.1359 
2 	  29 	   8 	 0.1342 	 0.1509 	 0.1677 
3 	  29 	   4 	 0.0639 	 0.0719 	 0.0798 
4 	  29 	   8 	 0.0701 	 0.0788 	 0.0876 
5 	  29 	   5 	 0.2197 	 0.2471 	 0.2746 
6 	  29 	   5 	 0.4460 	 0.5017 	 0.5575 
7 	  29 	   5 	 0.7571 	 0.8518 	 0.9464 
8 	  29 	   9 	 0.0845 	 0.0950 	 0.1056 
9 	  29 	   8 	 0.2059 	 0.2316 	 0.2574 
10 	  29 	   5 	 0.7638 	 0.8593 	 0.9547 
1 	  30 	   6 	 0.5863 	 0.6596 	 0.7328 
2 	  30 	   6 	 0.6147 	 0.6915 	 0.7683 
3 	  30 	   0 	 0.0964 	 0.1084 	 0.1205 
4 	  30 	   0 	 0.0696 	 0.0782 	 0.0869 
5 	  30 	   6 	 0.5437 	 0.6117 	 0.6797 
6 	  30 	   6 	 0.5343 	 0.6011 	 0.6679 
7 	  30 	   6 	 0.7579 	 0.8527 	 0.9474 
8 	  30 	   6 	 0.4433 	 0.4987 	 0.5542 
9 	  30 	   6 	 0.5474 	 0.6158 	 0.6842 
10 	  30 	   6 	 0.7639 	 0.8594 	 0.9549 
1 	  31 	   2 	 0.5846 	 0.6577 	 0.7307 
2 	  31 	   2 	 0.6490 	 0.7302 	 0.8113 
3 	  31 	   2 	 0.1152 	 0.1296 	 0.1440 
4 	  31 	   2 	 0.0707 	 0.0796 	 0.0884 
5 	  31 	   2 	 0.3513 	 0.3952 	 0.4391 
6 	  31 	   2 	 0.4773 	 0.5369 	 0.5966 
7 	  31 	   2 	 0.7532 	 0.8474 	 0.9415 
8 	  31 	   2 	 0.2738 	 0.3081 	 0.3423 
9 	  31 	   2 	 0.4187 	 0.4710 	 0.5233 
10 	  31 	   2 	 0.6722 	 0.7562 	 0.8402 
1 	  32 	   8 	 0.1029 	 0.1157 	 0.1286 
2 	  32 	   8 	 0.1342 	 0.1509 	 0.1677 
3 	  32 	   2 	 0.0688 	 0.0774 	 0.0860 
4 	  32 	   6 	 0.0713 	 0.0802 	 0.0891 
5 	  32 	   2 	 0.2478 	 0.2788 	 0.3098 
6 	  32 	   2 	 0.2827 	 0.3180 	 0.3534 
7 	  32 	   2 	 0.6638 	 0.7468 	 0.8298 
8 	  32 	   8 	 0.1011 	 0.1137 	 0.1264 
9 	  32 	   2 	 0.3138 	 0.3530 	 0.3923 
10 	  32 	   2 	 0.5337 	 0.6004 	 0.6671 
1 	  33 	   6 	 0.4730 	 0.5321 	 0.5912 
2 	  33 	   6 	 0.5725 	 0.6441 	 0.7156 
3 	  33 	   6 	 0.1503 	 0.1691 	 0.1879 
4 	  33 	   6 	 0.0717 	 0.0806 	 0.0896 
5 	  33 	   6 	 0.5009 	 0.5636 	 0.6262 
6 	  33 	   6 	 0.5338 	 0.6005 	 0.6673 
7 	  33 	   6 	 0.7579 	 0.8527 	 0.9474 
8 	  33 	   6 	 0.3436 	 0.3866 	 0.4295 
9 	  33 	   6 	 0.5153 	 0.5797 	 0.6441 
10 	  33 	   6 	 0.7639 	 0.8594 	 0.9548 
1 	  34 	   7 	 0.5625 	 0.6328 	 0.7031 
2 	  34 	   7 	 0.5555 	 0.6249 	 0.6944 
3 	  34 	   7 	 0.1298 	 0.1461 	 0.1623 
4 	  34 	   7 	 0.2058 	 0.2315 	 0.2573 
5 	  34 	   7 	 0.4772 	 0.5369 	 0.5965 
6 	  34 	   7 	 0.5140 	 0.5783 	 0.6425 
7 	  34 	   7 	 0.4858 	 0.5465 	 0.6072 
8 	  34 	   7 	 0.2286 	 0.2572 	 0.2858 
9 	  34 	   7 	 0.6796 	 0.7646 	 0.8495 
10 	  34 	   7 	 0.5806 	 0.6532 	 0.7258 
1 	  35 	   6 	 0.4633 	 0.5212 	 0.5792 
2 	  35 	   6 	 0.4440 	 0.4996 	 0.5551 
3 	  35 	   6 	 0.0956 	 0.1075 	 0.1195 
4 	  35 	   6 	 0.0629 	 0.0707 	 0.0786 
5 	  35 	   6 	 0.3131 	 0.3522 	 0.3914 
6 	  35 	   6 	 0.4613 	 0.5189 	 0.5766 
7 	  35 	   6 	 0.7579 	 0.8527 	 0.9474 
8 	  35 	   6 	 0.3157 	 0.3552 	 0.3947 
9 	  35 	   6 	 0.5218 	 0.5870 	 0.6522 
10 	  35 	   6 	 0.7637 	 0.8592 	 0.9547 
1 	  36 	   0 	 0.5836 	 0.6565 	 0.7295 
2 	  36 	   0 	 0.6329 	 0.7121 	 0.7912 
3 	  36 	   0 	 0.0797 	 0.0897 	 0.0996 
4 	  36 	   0 	 0.1888 	 0.2124 	 0.2360 
5 	  36 	   0 	 0.6822 	 0.7675 	 0.8527 
6 	  36 	   0 	 0.7227 	 0.8130 	 0.9033 
7 	  36 	   0 	 0.7027 	 0.7906 	 0.8784 
8 	  36 	   0 	 0.1958 	 0.2203 	 0.2448 
9 	  36 	   0 	 0.6750 	 0.7594 	 0.8438 
10 	  36 	   0 	 0.7593 	 0.8542 	 0.9491 
1 	  37 	   1 	 0.5964 	 0.6709 	 0.7455 
2 	  37 	   1 	 0.5823 	 0.6550 	 0.7278 
3 	  37 	   1 	 0.1575 	 0.1772 	 0.1969 
4 	  37 	   1 	 0.3405 	 0.3831 	 0.4257 
5 	  37 	   1 	 0.6897 	 0.7759 	 0.8622 
6 	  37 	   1 	 0.7272 	 0.8181 	 0.9089 
7 	  37 	   1 	 0.7470 	 0.8403 	 0.9337 
8 	  37 	   1 	 0.2800 	 0.3151 	 0.3501 
9 	  37 	   1 	 0.6768 	 0.7614 	 0.8459 
10 	  37 	   1 	 0.7637 	 0.8592 	 0.9547 
1 	  38 	   9 	 0.2539 	 0.2857 	 0.3174 
2 	  38 	   9 	 0.3039 	 0.3419 	 0.3799 
3 	  38 	   9 	 0.0656 	 0.0739 	 0.0821 
4 	  38 	   9 	 0.1336 	 0.1503 	 0.1670 
5 	  38 	   9 	 0.2700 	 0.3038 	 0.3375 
6 	  38 	   9 	 0.3135 	 0.3527 	 0.3919 
7 	  38 	   9 	 0.5338 	 0.6006 	 0.6673 
8 	  38 	   9 	 0.1044 	 0.1174 	 0.1305 
9 	  38 	   9 	 0.4148 	 0.4667 	 0.5185 
10 	  38 	   9 	 0.4372 	 0.4919 	 0.5466 
1 	  39 	   2 	 0.6337 	 0.7129 	 0.7921 
2 	  39 	   2 	 0.6421 	 0.7224 	 0.8027 
3 	  39 	   2 	 0.0839 	 0.0944 	 0.1049 
4 	  39 	   3 	 0.0876 	 0.0986 	 0.1096 
5 	  39 	   2 	 0.3657 	 0.4115 	 0.4572 
6 	  39 	   2 	 0.4247 	 0.4778 	 0.5309 
7 	  39 	   2 	 0.7239 	 0.8144 	 0.9049 
8 	  39 	   2 	 0.4546 	 0.5114 	 0.5683 
9 	  39 	   2 	 0.4964 	 0.5585 	 0.6205 
10 	  39 	   2 	 0.4527 	 0.5093 	 0.5659 
1 	  40 	   0 	 0.6063 	 0.6821 	 0.7579 
2 	  40 	   0 	 0.6473 	 0.7282 	 0.8091 
3 	  40 	   0 	 0.0832 	 0.0936 	 0.1040 
4 	  40 	   0 	 0.2155 	 0.2424 	 0.2694 
5 	  40 	   0 	 0.6903 	 0.7766 	 0.8629 
6 	  40 	   0 	 0.7225 	 0.8128 	 0.9031 
7 	  40 	   0 	 0.7451 	 0.8383 	 0.9314 
8 	  40 	   0 	 0.1792 	 0.2016 	 0.2240 
9 	  40 	   0 	 0.6798 	 0.7648 	 0.8498 
10 	  40 	   0 	 0.7628 	 0.8582 	 0.9535 
1 	  41 	   3 	 0.2967 	 0.3338 	 0.3709 
2 	  41 	   3 	 0.3814 	 0.4290 	 0.4767 
3 	  41 	   3 	 0.1082 	 0.1218 	 0.1353 
4 	  41 	   3 	 0.1245 	 0.1400 	 0.1556 
5 	  41 	   3 	 0.3902 	 0.4390 	 0.4877 
6 	  41 	   3 	 0.4963 	 0.5583 	 0.6204 
7 	  41 	   3 	 0.7330 	 0.8246 	 0.9163 
8 	  41 	   2 	 0.2040 	 0.2295 	 0.2550 
9 	  41 	   3 	 0.4190 	 0.4713 	 0.5237 
10 	  41 	   3 	 0.7011 	 0.7888 	 0.8764 
1 	  42 	   1 	 0.3460 	 0.3892 	 0.4325 
2 	  42 	   1 	 0.3748 	 0.4216 	 0.4685 
3 	  42 	   1 	 0.1540 	 0.1733 	 0.1925 
4 	  42 	   1 	 0.1806 	 0.2032 	 0.2257 
5 	  42 	   1 	 0.6608 	 0.7434 	 0.8260 
6 	  42 	   1 	 0.7060 	 0.7943 	 0.8826 
7 	  42 	   1 	 0.7579 	 0.8526 	 0.9474 
8 	  42 	   1 	 0.1676 	 0.1886 	 0.2095 
9 	  42 	   1 	 0.6789 	 0.7638 	 0.8486 
10 	  42 	   1 	 0.7639 	 0.8594 	 0.9549 
1 	  43 	   8 	 0.1091 	 0.1227 	 0.1364 
2 	  43 	   8 	 0.1385 	 0.1559 	 0.1732 
3 	  43 	   8 	 0.0862 	 0.0970 	 0.1077 
4 	  43 	   8 	 0.0766 	 0.0862 	 0.0958 
5 	  43 	   8 	 0.3914 	 0.4404 	 0.4893 
6 	  43 	   8 	 0.4828 	 0.5431 	 0.6035 
7 	  43 	   8 	 0.6950 	 0.7819 	 0.8688 
8 	  43 	   5 	 0.1176 	 0.1323 	 0.1470 
9 	  43 	   8 	 0.2059 	 0.2316 	 0.2574 
10 	  43 	   8 	 0.4117 	 0.4632 	 0.5146 
1 	  44 	   1 	 0.5701 	 0.6413 	 0.7126 
2 	  44 	   1 	 0.6390 	 0.7189 	 0.7987 
3 	  44 	   1 	 0.1409 	 0.1585 	 0.1761 
4 	  44 	   1 	 0.2479 	 0.2789 	 0.3099 
5 	  44 	   1 	 0.6943 	 0.7811 	 0.8679 
6 	  44 	   1 	 0.7277 	 0.8186 	 0.9096 
7 	  44 	   1 	 0.7576 	 0.8522 	 0.9469 
8 	  44 	   1 	 0.2235 	 0.2514 	 0.2793 
9 	  44 	   1 	 0.6798 	 0.7648 	 0.8497 
10 	  44 	   1 	 0.7639 	 0.8594 	 0.9549 
1 	  45 	   3 	 0.3819 	 0.4296 	 0.4774 
2 	  45 	   3 	 0.4205 	 0.4731 	 0.5257 
3 	  45 	   3 	 0.0904 	 0.1017 	 0.1130 
4 	  45 	   3 	 0.0932 	 0.1049 	 0.1165 
5 	  45 	   3 	 0.4427 	 0.4980 	 0.5534 
6 	  45 	   3 	 0.6888 	 0.7749 	 0.8610 
7 	  45 	   3 	 0.7578 	 0.8525 	 0.9473 
8 	  45 	   3 	 0.1402 	 0.1577 	 0.1752 
9 	  45 	   3 	 0.4479 	 0.5039 	 0.5599 
10 	  45 	   3 	 0.7639 	 0.8594 	 0.9549 
1 	  46 	   8 	 0.1087 	 0.1223 	 0.1359 
2 	  46 	   8 	 0.1344 	 0.1512 	 0.1680 
3 	  46 	   8 	 0.0874 	 0.0984 	 0.1093 
4 	  46 	   2 	 0.0736 	 0.0828 	 0.0920 
5 	  46 	   5 	 0.1845 	 0.2076 	 0.2306 
6 	  46 	   8 	 0.1738 	 0.1955 	 0.2172 
7 	  46 	   8 	 0.6839 	 0.7694 	 0.8549 
8 	  46 	   9 	 0.0750 	 0.0844 	 0.0938 
9 	  46 	   3 	 0.1768 	 0.1989 	 0.2210 
10 	  46 	   8 	 0.3162 	 0.3557 	 0.3953 
1 	  47 	   2 	 0.6324 	 0.7114 	 0.7905 
2 	  47 	   2 	 0.6440 	 0.7245 	 0.8050 
3 	  47 	   2 	 0.0922 	 0.1038 	 0.1153 
4 	  47 	   2 	 0.0761 	 0.0856 	 0.0951 
5 	  47 	   2 	 0.3848 	 0.4329 	 0.4811 
6 	  47 	   2 	 0.4675 	 0.5259 	 0.5843 
7 	  47 	   2 	 0.7373 	 0.8294 	 0.9216 
8 	  47 	   2 	 0.4638 	 0.5218 	 0.5798 
9 	  47 	   2 	 0.6382 	 0.7179 	 0.7977 
10 	  47 	   2 	 0.6337 	 0.7130 	 0.7922 
1 	  48 	   4 	 0.2621 	 0.2949 	 0.3277 
2 	  48 	   4 	 0.4629 	 0.5208 	 0.5786 
3 	  48 	   4 	 0.0901 	 0.1013 	 0.1126 
4 	  48 	   4 	 0.1964 	 0.2209 	 0.2455 
5 	  48 	   4 	 0.3504 	 0.3942 	 0.4380 
6 	  48 	   4 	 0.4575 	 0.5147 	 0.5718 
7 	  48 	   4 	 0.7495 	 0.8432 	 0.9369 
8 	  48 	   9 	 0.0917 	 0.1032 	 0.1147 
9 	  48 	   4 	 0.6526 	 0.7342 	 0.8158 
10 	  48 	   4 	 0.6957 	 0.7827 	 0.8697 
1 	  49 	   5 	 0.1972 	 0.2219 	 0.2465 
2 	  49 	   5 	 0.3039 	 0.3419 	 0.3799 
3 	  49 	   5 	 0.0728 	 0.0819 	 0.0910 
4 	  49 	   5 	 0.0820 	 0.0923 	 0.1025 
5 	  49 	   5 	 0.3092 	 0.3479 	 0.3865 
6 	  49 	   5 	 0.6755 	 0.7600 	 0.8444 
7 	  49 	   5 	 0.7579 	 0.8526 	 0.9473 
8 	  49 	   5 	 0.0919 	 0.1033 	 0.1148 
9 	  49 	   8 	 0.2059 	 0.2316 	 0.2574 
10 	  49 	   5 	 0.7629 	 0.8583 	 0.9536 
